,date_month,sub_tenure_months,user_count,hours_viewed
0,2023-03-01,23,593498,10965423.020500
1,2022-05-01,30,41224,699412.924667
2,2023-04-01,52,25918,444591.039667
3,2023-01-01,93,29537,431299.613667
4,2022-02-01,73,7852,124659.847500
5,2023-03-01,53,14044,237607.484667
6,2023-07-01,13,327212,7147379.549000
7,2022-03-01,60,12614,203324.865000
8,2024-01-01,19,257753,6160050.406333
9,2023-11-01,63,15862,315372.877167
10,2024-03-01,21,52057,160175.904000
11,2023-06-01,95,5705,95534.588500
12,2023-04-01,17,549032,9130878.398500
13,2022-12-01,19,542275,13651926.841667
14,2022-05-01,32,33002,541551.468000
15,2022-08-01,38,38418,645406.709000
16,2023-02-01,51,16890,300646.631333
17,2022-05-01,86,26702,392995.795833
18,2022-07-01,50,15102,241587.058667
19,2022-12-01,40,32783,673156.298500
20,2022-11-01,71,10973,186267.424667
21,2023-08-01,72,16913,334467.413000
22,2023-07-01,7,665665,13961178.551167
23,2022-04-01,73,20002,245414.805833
24,2022-02-01,47,19276,305553.774500
25,2024-02-01,5,510671,11661290.374333
26,2023-10-01,29,354308,9674707.852667
27,2023-11-01,61,11544,224947.607167
28,2023-06-01,86,28040,590877.848167
29,2024-02-01,84,8658,162678.976333
30,2024-03-01,9,105762,326889.383667
31,2022-05-01,-5,298,3114.407833
32,2022-03-01,-13,73,338.482833
33,2022-03-01,18,317174,5871244.458333
34,2023-05-01,33,236185,4790672.055333
35,2023-08-01,44,32964,666110.297333
36,2022-06-01,81,5896,81858.648167
37,2024-01-01,7,493099,12276783.088000
38,2022-11-01,17,488125,8414608.619833
39,2022-05-01,18,754869,11320833.871167
40,2023-01-01,40,29389,564724.401167
41,2022-07-01,56,11287,187965.673333
42,2022-07-01,33,36193,620662.303333
43,2022-01-01,44,18390,369788.845333
44,2023-01-01,79,14882,275613.085167
45,2022-12-01,85,6524,107977.360500
46,2022-05-01,77,7414,121584.855833
47,2023-07-01,71,17163,337405.917000
48,2023-06-01,94,5099,87058.264833
49,2023-12-01,29,303076,6956194.091667
50,2024-02-01,4,978007,16733069.763333
51,2023-11-01,28,298391,6650415.723000
52,2023-11-01,54,39760,717329.479500
53,2023-10-01,67,14418,255553.838667
54,2024-01-01,55,28307,623862.430667
55,2023-08-01,91,5722,97934.526167
56,2023-06-01,68,8839,172947.908500
57,2024-03-01,98,1249,3037.064333
58,2023-05-01,13,432259,7811875.512167
59,2022-02-01,0,1520986,8814306.441667
60,2023-02-01,43,31916,582699.600667
61,2022-10-01,75,12750,198362.384667
62,2024-01-01,34,503427,14362967.749667
63,2024-01-01,32,332473,10322715.656833
64,2024-03-01,57,6844,17847.458833
65,2023-09-01,96,4322,70182.791500
66,2023-04-01,9,703314,11775290.423000
67,2022-11-01,77,14646,249326.571667
68,2022-10-01,90,31505,376988.366667
69,2023-07-01,82,10084,192714.586000
70,2023-06-01,69,10186,194220.313167
71,2024-02-01,58,105485,2303367.130000
72,2022-11-01,75,10515,175385.757833
73,2023-02-01,8,474671,8851486.622333
74,2022-07-01,16,944722,18866894.132667
75,2022-03-01,13,771671,13024966.757333
76,2023-08-01,12,821378,17716109.018500
77,2022-04-01,63,12049,188549.340833
78,2022-05-01,53,12158,196281.130833
79,2023-07-01,12,601261,11324429.371667
80,2022-11-01,57,13573,236450.392667
81,2022-05-01,70,13056,211931.597333
82,2023-03-01,85,7958,127018.401333
83,2022-05-01,15,700396,11272593.262333
84,2023-03-01,16,594614,9763761.646500
85,2023-03-01,31,247086,5180434.874667
86,2023-03-01,35,191916,4041721.945500
87,2022-10-01,79,20121,232597.157167
88,2023-08-01,23,583594,12400023.678333
89,2023-09-01,1,1163205,31869795.238000
90,2022-10-01,77,21356,302331.835167
91,2022-02-01,67,13107,229983.930000
92,2023-06-01,14,372843,7778106.548167
93,2022-10-01,53,15872,252165.014333
94,2024-01-01,31,283508,6558179.865333
95,2024-01-01,16,436770,9700632.084333
96,2023-11-01,43,159936,3864919.216667
97,2023-07-01,93,5144,88582.264667
98,2022-06-01,23,212405,3975932.467333
99,2022-02-01,72,8591,150633.029000
100,2022-07-01,66,11192,164849.447000
101,2022-05-01,27,69497,1093236.754167
102,2022-12-01,20,646071,12710734.048667
103,2022-02-01,25,56647,1092449.151667
104,2022-09-01,32,50669,952894.100000
105,2023-04-01,87,7057,108776.493000
106,2023-09-01,53,108606,2212402.927667
107,2022-07-01,65,10919,169058.942500
108,2024-02-01,31,274767,6073607.487833
109,2023-10-01,8,496384,10290669.634000
110,2024-01-01,69,15051,341137.343833
111,2022-11-01,-2,279,1891.326833
112,2023-02-01,48,42654,725872.342833
113,2022-08-01,15,604796,13399669.383000
114,2022-09-01,4,741450,14005694.924500
115,2022-12-01,18,506542,9406770.240000
116,2022-12-01,17,520629,10590879.686500
117,2022-12-01,77,12332,240451.274667
118,2022-08-01,59,12119,200849.521167
119,2022-08-01,49,21977,368927.448167
120,2022-03-01,49,15719,259544.898000
121,2023-08-01,0,7888,179293.380000
122,2023-06-01,0,8210,228532.948833
123,2023-06-01,54,24480,468584.463000
124,2023-10-01,64,13471,255777.093833
125,2023-04-01,5,1014034,20214054.023500
126,2023-03-01,29,210064,4318267.283500
127,2023-03-01,91,6535,100012.460000
128,2023-09-01,52,40186,708530.537000
129,2023-10-01,35,485778,8974456.191167
130,2024-03-01,17,85714,254516.195833
131,2024-03-01,102,935,2242.420167
132,2022-10-01,9,1070132,17309614.261667
133,2023-01-01,2,1812379,42843608.641167
134,2023-01-01,10,562523,10701480.490167
135,2022-08-01,42,49441,827255.470000
136,2022-02-01,70,31566,642516.321000
137,2022-10-01,84,6572,90071.728000
138,2023-08-01,41,72391,1642551.772000
139,2023-04-01,93,7189,109491.418833
140,2022-11-01,82,7285,115675.227333
141,2022-03-01,-1,1727,17241.841167
142,2022-11-01,20,814826,17586589.535167
143,2023-04-01,2,1165436,23495151.771333
144,2022-02-01,11,1257981,26479529.866167
145,2022-01-01,58,13645,263787.129167
146,2022-05-01,23,249741,5050480.436000
147,2022-08-01,20,985600,20960112.831833
148,2022-02-01,79,8168,128534.328333
149,2022-08-01,75,20737,308039.879833
150,2023-05-01,61,17826,306275.158667
151,2022-03-01,70,21765,330501.268333
152,2023-03-01,44,33049,585823.748000
153,2023-04-01,46,33930,588521.574000
154,2022-02-01,65,11935,202060.481500
155,2023-01-01,64,11680,221827.221833
156,2023-01-01,91,9598,151649.794667
157,2023-03-01,75,11057,180432.584333
158,2023-06-01,67,8172,154315.191667
159,2023-08-01,60,17048,335278.160833
160,2024-02-01,73,10114,202624.763167
161,2023-01-01,9,572457,11748107.451000
162,2023-05-01,17,830409,14640988.882167
163,2022-04-01,14,720902,12204150.109667
164,2022-08-01,34,38344,701143.429500
165,2023-01-01,67,30746,547581.215500
166,2023-02-01,75,11234,190992.665000
167,2022-06-01,51,17562,245106.661000
168,2023-07-01,100,22387,389694.871667
169,2023-06-01,70,17568,336604.197000
170,2024-01-01,12,487129,11497893.402333
171,2023-08-01,93,5109,86673.349667
172,2022-09-01,-3,443,1376.000667
173,2022-09-01,-4,288,1129.403500
174,2022-09-01,-7,129,277.021333
175,2022-05-01,-6,374,2780.232333
176,2023-03-01,-5,4,20.065500
177,2022-09-01,-8,44,149.094000
178,2022-02-01,-17,1,0.036167
179,2024-02-01,650,7,274.000000
180,2022-09-01,-9,3,22.214833
181,2022-01-01,-19,1,1.730000
182,2022-05-01,-21,1,1.770833
183,2022-11-01,-11,1,6.850000
184,2022-04-01,37,134613,1949636.086167
185,2022-02-01,71,19996,241166.535833
186,2022-01-01,27,43738,940780.549167
187,2022-03-01,75,7734,128742.561333
188,2023-10-01,3,634196,14575260.141000
189,2023-01-01,60,13432,251508.983000
190,2022-12-01,30,217733,5134091.203000
191,2023-02-01,78,10163,169750.465333
192,2023-07-01,81,11740,208280.542167
193,2022-11-01,69,10856,181311.503333
194,2022-07-01,0,773786,4845207.210333
195,2022-05-01,62,12478,197122.792167
196,2023-04-01,84,27511,538682.981667
197,2022-09-01,-2,768,5503.621167
198,2022-12-01,-1,19382,86437.223833
199,2023-12-01,27,522049,11688586.576667
200,2023-12-01,34,365507,7914536.828167
201,2024-02-01,60,35644,709796.848833
202,2022-06-01,55,11485,186374.645167
203,2022-09-01,-6,203,595.123833
204,2022-08-01,40,147102,2649548.927500
205,2022-10-01,29,298318,7358115.185167
206,2022-03-01,4,1229424,19840493.141167
207,2023-03-01,39,38525,693563.464833
208,2023-02-01,52,13495,231352.023833
209,2022-04-01,31,32585,557181.519333
210,2023-03-01,43,31724,561372.495500
211,2023-04-01,45,31849,569575.753667
212,2023-04-01,60,17290,317530.785333
213,2022-06-01,44,14661,224090.744167
214,2023-09-01,88,16287,270332.122333
215,2024-02-01,24,291013,6047183.594000
216,2023-10-01,76,27267,500275.677500
217,2023-10-01,52,28521,529486.751500
218,2023-11-01,58,28202,572831.566000
219,2022-01-01,0,2257088,13935954.438667
220,2022-01-01,19,286038,7064253.710000
221,2022-05-01,11,670869,10443472.903833
222,2023-03-01,9,474191,8873580.635500
223,2024-01-01,38,457137,9569508.692500
224,2022-09-01,74,12665,207887.364667
225,2022-08-01,44,30132,515021.372167
226,2022-11-01,55,18167,335988.814833
227,2022-11-01,28,194244,4156025.776333
228,2023-06-01,41,40464,844396.588000
229,2023-10-01,63,16546,314046.245167
230,2024-02-01,107,21333,366406.985667
231,2022-01-01,-5,655,4931.249667
232,2022-06-01,10,895338,12353806.114167
233,2022-10-01,5,666733,11830041.410500
234,2023-07-01,41,52036,959956.496833
235,2023-10-01,7,500593,10775128.346833
236,2024-01-01,45,158223,4181551.708333
237,2023-01-01,82,20005,273992.727167
238,2023-10-01,27,309654,6807281.799667
239,2024-02-01,27,360244,6813105.458000
240,2023-12-01,50,27610,604491.404333
241,2022-01-01,66,14173,282284.731833
242,2023-03-01,92,7435,109851.788833
243,2023-10-01,74,16225,310830.146167
244,2022-08-01,58,12383,205973.399833
245,2023-02-01,82,28177,562560.109500
246,2022-02-01,38,30221,523586.853000
247,2024-01-01,33,385816,9202714.168833
248,2022-09-01,37,33958,621159.969333
249,2022-12-01,15,821298,16952475.138167
250,2023-04-01,40,37091,669723.078333
251,2022-04-01,50,15019,253146.418167
252,2023-10-01,38,195135,4547404.511333
253,2023-09-01,85,8388,149490.152167
254,2023-10-01,101,8809,150292.876000
255,2024-02-01,72,10309,202651.733667
256,2023-10-01,88,12154,223510.561167
257,2023-07-01,101,20,20.579000
258,2022-02-01,13,721745,14127559.350500
259,2022-08-01,1,2005354,43297433.061833
260,2022-06-01,19,644665,9331323.773667
261,2022-01-01,35,53467,1052213.429167
262,2022-09-01,59,12285,205546.755667
263,2023-08-01,11,613265,11981197.029667
264,2023-04-01,21,432939,8295809.060500
265,2022-07-01,40,124323,1743101.516333
266,2022-12-01,80,29555,653017.750667
267,2023-05-01,67,10724,171031.779167
268,2023-08-01,54,39103,767864.762833
269,2022-07-01,54,13260,206247.033000
270,2023-08-01,35,191429,4022116.826000
271,2023-03-01,93,9491,132667.351667
272,2022-03-01,28,43811,751583.312500
273,2022-03-01,44,22687,382745.609333
274,2023-04-01,4,966576,18276378.956000
275,2022-09-01,51,17085,287902.305500
276,2023-05-01,27,470120,8045353.058667
277,2022-06-01,31,38219,599964.990333
278,2023-06-01,49,44894,788120.766000
279,2023-04-01,74,10464,174109.448333
280,2023-02-01,39,34770,631429.253833
281,2023-07-01,16,347845,7234716.584500
282,2023-10-01,4,632788,14216932.541833
283,2022-11-01,5,598210,11354479.152000
284,2022-05-01,74,20244,248985.148167
285,2022-04-01,57,41417,720673.315500
286,2022-11-01,79,28705,557714.047167
287,2022-12-01,35,48997,1046867.845833
288,2023-09-01,90,16654,227232.367833
289,2022-08-01,8,1313149,23174698.374667
290,2022-03-01,10,784531,16511699.884167
291,2022-05-01,1,1631809,37952206.894167
292,2022-02-01,44,18056,318190.375667
293,2022-01-01,59,12860,256406.607333
294,2023-01-01,39,35669,734030.448333
295,2022-04-01,25,106096,2103559.295667
296,2022-11-01,12,693227,11330002.905667
297,2023-04-01,20,607444,9855807.594500
298,2022-06-01,86,30883,363651.843167
299,2022-07-01,60,38104,622117.652500
300,2022-08-01,70,13632,207490.175000
301,2023-09-01,41,162515,3697745.938667
302,2023-12-01,47,36731,826457.723500
303,2024-02-01,101,4433,78689.723667
304,2022-06-01,72,14873,227835.193167
305,2024-03-01,92,2320,5655.983833
306,2023-02-01,63,10650,201667.425833
307,2022-09-01,58,11757,215187.512000
308,2022-02-01,-3,1482,18904.617167
309,2022-07-01,7,1320619,22651072.568833
310,2022-07-01,19,969275,19593065.440667
311,2022-12-01,92,30364,441368.624333
312,2022-03-01,46,17198,283272.043667
313,2022-08-01,55,14161,233963.271667
314,2023-06-01,99,22573,382166.845167
315,2023-11-01,80,9499,179770.307500
316,2022-08-01,81,6675,92724.023500
317,2024-03-01,63,3753,10355.770167
318,2022-10-01,-4,189,686.316167
319,2023-01-01,6,945705,16677618.244667
320,2023-07-01,6,700074,15157776.482167
321,2023-07-01,11,847107,18201696.644833
322,2022-04-01,58,32304,500617.922833
323,2023-07-01,33,187252,4182176.170500
324,2023-01-01,78,12274,230065.101667
325,2023-03-01,88,6286,91328.190667
326,2023-06-01,33,200908,4131366.939333
327,2023-07-01,87,27767,581301.092000
328,2023-09-01,36,180949,3727790.902833
329,2023-09-01,54,99037,1648222.347500
330,2023-08-01,77,10046,189274.905667
331,2023-09-01,84,9317,167813.280333
332,2022-09-01,23,239189,4857855.057333
333,2023-02-01,57,14302,251989.426167
334,2022-08-01,16,726081,12732904.621333
335,2022-02-01,56,32941,503068.529500
336,2023-04-01,13,439412,7923209.393833
337,2022-10-01,81,7805,110911.288500
338,2023-08-01,53,107324,1890003.840167
339,2023-11-01,45,46638,870196.971833
340,2023-10-01,65,12159,231969.369333
341,2024-03-01,39,180666,525887.885333
342,2024-03-01,96,1767,4161.077000
343,2022-09-01,42,134782,1875368.567000
344,2022-08-01,7,1178655,20170702.562167
345,2022-06-01,18,1015070,19435131.612500
346,2022-01-01,55,35138,650488.136000
347,2023-02-01,19,465795,8616135.332167
348,2022-05-01,34,37886,637065.964333
349,2022-09-01,45,29037,491129.299167
350,2022-04-01,28,45365,799911.852667
351,2022-07-01,12,615313,10810204.844667
352,2024-01-01,72,10292,232623.343833
353,2024-02-01,88,10996,202018.319833
354,2024-02-01,90,8333,157912.997833
355,2023-10-01,93,5596,93697.518333
356,2023-08-01,81,10579,197965.682333
357,2023-11-01,73,8123,160877.184500
358,2022-03-01,-2,1558,21020.201000
359,2022-06-01,-7,146,961.570667
360,2022-08-01,-13,1,1.920667
361,2022-07-01,-10,21,63.641333
362,2023-12-01,648,2,32.415333
363,2022-03-01,-12,99,994.793833
364,2023-05-01,99,27,18.985000
365,2022-11-01,-8,1,1.587000
366,2023-04-01,-2,6,18.458833
367,2023-01-01,-8,1,12.075500
368,2023-02-01,-10,1,0.086167
369,2023-05-01,-3,3,22.603833
370,2023-03-01,-4,4,3.540167
371,2022-02-01,-21,1,0.500333
372,2023-01-01,-12,1,20.852500
373,2022-10-01,42,149116,2627229.383500
374,2022-01-01,78,8689,159230.140833
375,2023-01-01,14,662749,11901509.242000
376,2023-05-01,5,868445,15101585.048167
377,2022-03-01,79,7208,110020.490167
378,2023-06-01,23,368655,7757930.292333
379,2022-11-01,76,12039,202869.352833
380,2023-08-01,71,9950,198013.991167
381,2023-05-01,98,24693,375142.177000
382,2022-07-01,86,10532,151597.952500
383,2023-11-01,56,100323,1739393.318500
384,2023-09-01,69,9121,177814.236833
385,2023-12-01,51,22965,467079.849333
386,2022-07-01,-8,105,474.912667
387,2022-04-01,-12,80,251.561833
388,2022-04-01,23,334918,8734859.897833
389,2022-02-01,53,12973,230352.379333
390,2023-04-01,11,426557,8211218.219833
391,2023-08-01,32,700927,16950922.012167
392,2023-11-01,11,502842,10388884.509000
393,2023-04-01,73,10911,174647.303833
394,2024-01-01,30,290846,7236283.424500
395,2023-10-01,59,15121,279373.738500
396,2024-02-01,69,11669,233580.393000
397,2022-02-01,-2,1334,14791.450833
398,2022-11-01,24,593446,9852444.537833
399,2022-07-01,29,64143,990722.654500
400,2022-03-01,61,12306,199580.794833
401,2022-06-01,27,97005,1730305.201833
402,2022-11-01,33,59758,1006637.840333
403,2022-07-01,83,6506,91550.146500
404,2024-02-01,28,323315,6546239.423167
405,2023-12-01,66,13604,282657.738833
406,2023-12-01,80,10064,199398.374833
407,2022-04-01,-4,358,2033.555333
408,2023-05-01,43,33513,581691.098167
409,2022-11-01,44,120445,1796439.824000
410,2022-02-01,68,16194,287712.568667
411,2022-11-01,40,33738,603648.954833
412,2022-11-01,38,28642,500180.376500
413,2022-11-01,49,14264,246189.337500
414,2022-02-01,33,62026,1010172.940833
415,2023-09-01,38,150908,3418019.729500
416,2023-09-01,56,28031,552200.817167
417,2023-02-01,64,11022,188907.724000
418,2023-06-01,62,16303,326170.591000
419,2023-09-01,87,11991,215346.276333
420,2023-06-01,84,12939,241648.379167
421,2023-09-01,60,11150,217268.339833
422,2023-12-01,5,511353,11670244.571000
423,2023-12-01,41,149455,3660407.548167
424,2023-10-01,46,31650,613446.634333
425,2023-11-01,101,7443,117393.888000
426,2024-01-01,46,66096,1675826.662667
427,2024-03-01,22,56223,169795.071167
428,2024-03-01,55,6073,16152.481000
429,2023-03-01,30,232677,4408243.712667
430,2022-10-01,11,757968,11378125.724833
431,2022-08-01,0,1506158,7677569.961833
432,2022-07-01,15,729905,12283979.603167
433,2023-08-01,38,173072,4062899.549000
434,2022-04-01,68,11466,187237.431833
435,2022-08-01,86,9916,136394.450667
436,2023-08-01,67,10825,220072.023167
437,2023-12-01,7,579138,13415578.442333
438,2023-10-01,89,16806,283329.233667
439,2022-05-01,8,1132833,19889819.702667
440,2022-06-01,16,614475,9630501.465500
441,2022-04-01,48,20139,362530.435167
442,2022-02-01,28,41195,768150.100833
443,2023-06-01,28,423393,8421116.481833
444,2023-06-01,45,24819,455604.485833
445,2023-01-01,-2,461,3615.129500
446,2023-07-01,0,4533,73260.843167
447,2023-10-01,6,543811,11312044.173500
448,2024-02-01,47,63502,1457314.867333
449,2022-03-01,2,2397199,44340625.721333
450,2022-04-01,8,1057965,15904207.771667
451,2022-12-01,46,46311,894478.453000
452,2023-08-01,43,38517,834912.213833
453,2023-04-01,72,10989,182206.364833
454,2022-10-01,31,96239,1827084.247167
455,2023-04-01,85,18161,219347.203833
456,2023-09-01,102,20548,338116.844500
457,2023-09-01,64,11970,225152.954500
458,2022-02-01,49,14722,258636.947667
459,2023-10-01,44,48617,874890.250000
460,2022-06-01,-4,283,2882.194333
461,2022-12-01,-2,371,3160.753667
462,2022-01-01,8,942708,22160719.521167
463,2022-01-01,28,36431,734659.411167
464,2022-09-01,27,229784,4847673.865333
465,2022-05-01,24,330375,8275594.862000
466,2023-05-01,21,607740,9610221.967667
467,2023-05-01,38,83244,1585937.669000
468,2024-01-01,105,24168,371349.327500
469,2024-01-01,101,4796,93984.663000
470,2023-09-01,42,68053,1478101.578000
471,2024-01-01,49,31036,687571.366000
472,2023-07-01,25,334527,6880222.251333
473,2023-08-01,48,26369,531049.620333
474,2022-01-01,-10,539,2856.777000
475,2023-03-01,14,838348,14894902.936167
476,2022-05-01,31,39528,690259.268167
477,2024-02-01,35,475762,12140952.502667
478,2024-03-01,16,105355,308525.043833
479,2022-11-01,54,14874,257613.557333
480,2022-02-01,10,974393,17785355.829333
481,2022-01-01,50,13443,283589.992667
482,2022-07-01,21,246375,4622762.604833
483,2023-09-01,23,374558,7303734.309500
484,2023-10-01,19,307101,6235291.742333
485,2023-09-01,48,22333,408431.392167
486,2023-08-01,26,322719,6621101.359167
487,2023-08-01,69,7997,153429.859833
488,2023-06-01,66,9898,197677.163667
489,2023-09-01,68,10218,197719.210000
490,2024-03-01,25,70540,213881.997667
491,2024-03-01,20,59911,183594.344500
492,2022-06-01,84,9638,125137.886667
493,2022-11-01,56,17139,276900.298667
494,2023-05-01,91,6111,91266.494167
495,2022-10-01,89,11114,161322.575500
496,2023-03-01,60,16724,262871.882167
497,2023-02-01,41,26851,473595.521333
498,2022-02-01,61,12126,202501.481000
499,2022-11-01,27,260179,5431449.543000
500,2022-05-01,33,36067,618960.445500
501,2022-06-01,77,7329,101254.458000
502,2023-05-01,57,19227,327719.359667
503,2024-01-01,1,1476156,44747525.584500
504,2024-01-01,42,145025,3781386.627833
505,2024-02-01,39,415383,7694388.469333
506,2023-09-01,11,563596,10517806.711500
507,2023-09-01,27,302328,6076536.306333
508,2022-07-01,73,14709,226669.001333
509,2023-08-01,74,28218,531874.649333
510,2022-01-01,23,77055,1479100.921000
511,2022-04-01,4,1807651,32214822.136500
512,2023-03-01,45,35699,598463.192167
513,2022-05-01,4,1583125,26419239.862000
514,2022-03-01,55,22548,377864.387333
515,2023-01-01,50,18129,349513.309833
516,2024-01-01,65,15962,358911.227500
517,2023-09-01,3,716981,16258600.936000
518,2023-04-01,43,27281,473327.657833
519,2023-11-01,51,24350,490048.400333
520,2023-06-01,87,18376,259818.253000
521,2023-08-01,14,309465,6703493.044167
522,2023-08-01,85,9910,186204.758333
523,2022-08-01,78,8476,131415.819000
524,2022-01-01,9,1130787,21389262.904000
525,2023-01-01,22,821018,19598417.905000
526,2023-01-01,16,796722,16489416.830500
527,2022-04-01,71,21084,321908.973833
528,2023-05-01,10,690989,10940843.306667
529,2023-10-01,30,419977,8965525.423000
530,2023-05-01,48,50031,762650.467333
531,2024-01-01,48,35876,863944.061667
532,2023-08-01,59,11776,238064.045667
533,2023-08-01,64,15764,315975.216833
534,2022-01-01,31,45998,905327.466833
535,2022-10-01,47,19274,311889.955333
536,2023-11-01,98,4475,76993.478000
537,2022-06-01,62,11599,171349.631500
538,2022-04-01,49,18926,292666.549000
539,2024-01-01,0,29443,827366.372333
540,2023-09-01,40,228795,6462368.899000
541,2022-08-01,82,6560,94424.092000
542,2023-06-01,55,15964,300633.392667
543,2023-07-01,20,489115,9100740.985667
544,2023-07-01,30,395386,9025680.623833
545,2024-01-01,74,7582,163102.613833
546,2023-06-01,90,5654,105227.576167
547,2022-12-01,73,12098,229517.951333
548,2022-12-01,-10,1,38.221333
549,2022-11-01,-4,90,286.118333
550,2022-03-01,-11,94,618.513833
551,2022-08-01,-8,75,274.197833
552,2023-04-01,-5,4,72.535833
553,2022-02-01,-15,30,158.346333
554,2022-07-01,-13,1,41.071833
555,2023-03-01,-9,1,1.337167
556,2023-01-01,-9,2,35.341667
557,2024-01-01,649,4,146.250167
558,2023-01-01,-7,1,8.671833
559,2022-10-01,-9,2,4.259167
560,2022-04-01,-17,1,18.579833
561,2022-09-01,-10,4,6.811500
562,2023-04-01,-3,2,6.261167
563,2022-01-01,-21,1,1.030667
564,2022-10-01,34,42254,715256.485500
565,2022-01-01,68,23380,427393.492333
566,2022-05-01,37,149675,2669395.143000
567,2022-10-01,63,41506,679082.453333
568,2023-12-01,12,504595,10673261.656333
569,2022-01-01,-1,19918,96290.039333
570,2023-11-01,4,543923,12371756.067333
571,2023-11-01,14,451764,9082795.638167
572,2023-06-01,47,29133,567112.738333
573,2023-12-01,95,5664,106830.880500
574,2023-05-01,73,11721,181416.165333
575,2024-03-01,56,5851,15789.290333
576,2024-03-01,73,2277,6131.897667
577,2022-05-01,57,21719,355840.476500
578,2022-01-01,80,12218,233061.035500
579,2022-04-01,43,15465,277227.732167
580,2023-08-01,6,579360,12310444.170167
581,2022-05-01,42,19947,326912.981833
582,2023-07-01,28,610555,15732590.343500
583,2024-01-01,2,1518939,40884634.560500
584,2024-01-01,37,621967,16971476.362167
585,2024-02-01,22,268289,5845301.010667
586,2023-06-01,91,5203,85640.783333
587,2023-10-01,95,5000,80065.058000
588,2023-11-01,67,14721,295445.063500
589,2023-09-01,79,8746,153136.536000
590,2024-03-01,45,45436,145572.575667
591,2022-11-01,6,581843,11030682.277667
592,2022-11-01,11,1098780,19988955.498833
593,2023-01-01,35,61836,1141905.572000
594,2022-11-01,18,529447,12186009.373667
595,2022-02-01,36,50361,851444.296333
596,2023-04-01,24,534613,10233192.871000
597,2022-08-01,56,11975,199492.993500
598,2023-01-01,59,13865,267274.672167
599,2022-05-01,66,12853,204323.227500
600,2022-08-01,47,14957,264020.256333
601,2022-03-01,76,7047,101877.662333
602,2023-06-01,78,10131,189889.219333
603,2024-01-01,20,258643,6317612.993500
604,2024-01-01,54,26236,592672.145167
605,2024-02-01,45,210251,6170801.624000
606,2023-11-01,25,347921,7053351.034333
607,2023-11-01,102,8801,154130.941833
608,2023-09-01,89,26023,532305.607500
609,2023-11-01,59,22454,439682.173000
610,2023-11-01,77,26697,505602.380333
611,2023-07-01,45,29443,598636.231333
612,2023-08-01,101,22215,399765.022500
613,2024-03-01,5,133058,424222.680667
614,2022-07-01,-6,152,1116.446333
615,2023-03-01,67,20084,340982.626667
616,2022-01-01,56,14061,278397.274167
617,2023-03-01,95,30095,378424.330500
618,2022-07-01,11,879247,13016708.168333
619,2022-03-01,63,12421,205392.540500
620,2022-06-01,41,36662,590756.714667
621,2022-07-01,82,5883,83333.901667
622,2023-05-01,85,29427,508913.158333
623,2023-08-01,9,658505,14186574.044000
624,2023-12-01,68,15253,318935.848000
625,2023-12-01,93,18054,280729.318833
626,2023-09-01,73,16201,313721.656667
627,2023-06-01,82,9045,166437.132833
628,2024-03-01,7,95965,301643.456500
629,2024-03-01,105,2134,4786.649667
630,2022-02-01,74,7606,131463.626167
631,2023-03-01,41,34220,617328.083500
632,2023-03-01,11,512313,9645910.118667
633,2022-11-01,91,30179,389412.722833
634,2022-06-01,4,931875,15128878.902333
635,2023-04-01,70,28193,445722.097167
636,2022-09-01,80,7524,111565.505167
637,2023-03-01,64,11145,198676.162167
638,2023-07-01,17,378041,7852470.218500
639,2023-06-01,16,392913,7719160.159667
640,2023-12-01,86,11484,212477.422667
641,2024-03-01,49,8502,23178.108000
642,2022-01-01,34,149877,2513984.280667
643,2022-01-01,39,16415,320445.878667
644,2022-03-01,26,57248,1047839.225667
645,2022-07-01,8,823999,12705220.042000
646,2023-02-01,55,18938,335118.375333
647,2023-02-01,90,6298,99428.703000
648,2022-11-01,46,35579,656298.503833
649,2023-01-01,84,7371,127695.264500
650,2023-06-01,21,618844,12761079.968667
651,2022-08-01,69,12399,197571.440500
652,2023-12-01,78,27784,560061.293667
653,2024-03-01,74,2363,6453.347667
654,2022-10-01,-2,404,1973.187667
655,2023-02-01,3,1415505,29315881.370667
656,2022-08-01,27,311324,8096835.196000
657,2023-01-01,85,7010,129021.909500
658,2023-02-01,44,34301,601332.708333
659,2022-10-01,36,37070,634085.316167
660,2022-11-01,39,31767,579113.001167
661,2022-06-01,29,50692,840513.041000
662,2023-12-01,37,477764,9604001.342000
663,2023-07-01,8,708282,15479071.266167
664,2022-05-01,22,228864,4581723.694167
665,2023-01-01,18,506096,10402262.853167
666,2022-03-01,9,782329,12401666.672667
667,2022-09-01,18,910809,19266946.899833
668,2023-05-01,81,10745,165109.624833
669,2022-03-01,52,12654,228982.595167
670,2023-05-01,59,16011,263759.516167
671,2024-01-01,43,157772,4066024.240167
672,2023-06-01,51,109164,1837147.136333
673,2023-06-01,64,11589,217098.522167
674,2024-01-01,86,10183,210840.431333
675,2023-06-01,72,28456,525365.459500
676,2023-12-01,94,6933,134199.980667
677,2023-07-01,64,15207,275763.957500
678,2023-07-01,78,9712,177862.788000
679,2023-11-01,100,5349,89222.320667
680,2023-02-01,26,835875,19116523.923833
681,2022-03-01,8,813042,14547753.031833
682,2022-10-01,83,6708,90208.502167
683,2022-04-01,36,151451,2807002.342500
684,2023-02-01,73,10417,169724.213333
685,2022-12-01,87,5979,106466.214167
686,2023-05-01,34,182101,3666642.974667
687,2022-03-01,47,20868,368396.468500
688,2022-08-01,74,15448,247682.852000
689,2024-02-01,33,313827,8696552.006167
690,2022-02-01,46,20547,391698.102167
691,2022-04-01,3,1827149,32201118.287333
692,2022-12-01,65,39292,777441.163000
693,2022-10-01,76,15751,243016.065833
694,2022-07-01,35,32703,543440.196000
695,2022-12-01,37,37523,755597.118667
696,2023-04-01,38,55479,931372.976167
697,2022-11-01,89,9560,136971.370000
698,2023-12-01,35,348554,8283354.699167
699,2023-06-01,7,763797,15793532.142500
700,2024-02-01,6,447095,10427241.628500
701,2024-01-01,50,28074,622943.483833
702,2023-07-01,50,43261,783522.936667
703,2023-07-01,69,8699,174612.460500
704,2024-03-01,100,1080,2558.160000
705,2022-10-01,21,561361,9965869.437167
706,2022-02-01,50,12334,213105.136333
707,2023-03-01,57,15968,267084.909333
708,2022-12-01,44,140353,3007912.840833
709,2023-01-01,70,11603,208735.769500
710,2022-07-01,2,1017863,20783381.891833
711,2022-11-01,36,36192,652986.131000
712,2023-01-01,83,8113,150366.491333
713,2023-08-01,13,526044,10041930.822000
714,2022-09-01,83,6451,96940.485000
715,2023-07-01,43,33728,674900.948000
716,2023-10-01,9,557336,11621406.459667
717,2023-11-01,8,462998,10013057.132500
718,2024-03-01,31,67219,200083.957667
719,2022-09-01,-1,862,5990.042500
720,2022-10-01,35,38761,641732.366500
721,2022-10-01,56,14550,231801.436500
722,2022-07-01,20,675602,10326051.584833
723,2023-12-01,22,322429,6794324.027333
724,2023-11-01,90,16445,285068.588333
725,2023-10-01,51,26428,504063.129500
726,2023-09-01,47,27110,531725.494000
727,2022-11-01,8,583643,10193895.602833
728,2022-03-01,69,16677,271292.171833
729,2023-01-01,57,18630,380780.789833
730,2022-07-01,5,830779,14021071.667000
731,2022-07-01,17,613831,10223049.208667
732,2022-03-01,58,13270,220933.051000
733,2022-09-01,81,7161,115149.770000
734,2023-06-01,32,189897,4087005.635500
735,2023-11-01,34,344290,7882716.651167
736,2023-12-01,52,25137,528087.112833
737,2023-10-01,37,179989,3732121.491000
738,2022-06-01,83,7589,106993.281167
739,2024-03-01,82,2195,5539.509833
740,2022-04-01,-3,403,2936.111833
741,2022-07-01,-4,322,2069.582333
742,2023-08-01,102,13,10.277333
743,2023-12-01,106,29,30.212667
744,2022-09-01,-15,1,1.302667
745,2022-02-01,-16,2,4.080500
746,2022-11-01,-7,2,12.711000
747,2022-11-01,-15,1,1.392833
748,2023-01-01,-10,1,52.744000
749,2022-07-01,49,16427,260726.003833
750,2023-02-01,67,37340,677707.090167
751,2022-11-01,78,19377,298854.507000
752,2022-03-01,82,11811,176962.473167
753,2022-11-01,72,11648,197372.210333
754,2022-02-01,-10,235,1416.755667
755,2023-06-01,80,12000,207591.468833
756,2024-02-01,3,1286338,29915948.580333
757,2023-12-01,91,17009,311885.912500
758,2024-02-01,92,11937,233596.886000
759,2024-03-01,4,337844,937197.363167
760,2023-02-01,30,245820,5107336.235833
761,2022-10-01,15,546550,9459866.317000
762,2022-02-01,20,267348,5795920.195167
763,2022-06-01,12,603191,9095424.753167
764,2022-09-01,39,38104,650843.046000
765,2023-08-01,19,574308,11751638.638333
766,2022-09-01,56,13897,234768.054000
767,2023-05-01,84,19710,287611.271167
768,2023-05-01,68,11567,187404.533500
769,2022-07-01,70,11003,164911.722000
770,2022-05-01,69,11740,184630.003833
771,2022-01-01,65,12360,246987.418667
772,2023-09-01,15,284730,6041126.721500
773,2022-02-01,-4,574,4383.565333
774,2023-09-01,78,9419,171046.392167
775,2023-10-01,54,108516,2203416.188500
776,2023-09-01,97,4722,81076.547833
777,2024-01-01,59,36978,815035.585167
778,2024-03-01,23,63495,188030.669833
779,2024-03-01,60,11639,31774.770500
780,2022-08-01,28,225468,4674359.436167
781,2022-01-01,42,24956,497138.639000
782,2022-12-01,29,197470,4690901.220333
783,2023-08-01,2,909386,21847720.090500
784,2023-06-01,11,615056,10974753.048167
785,2023-07-01,27,465020,10083473.219833
786,2023-09-01,50,26048,493496.657500
787,2023-10-01,42,166322,3979664.272167
788,2024-01-01,40,171406,4022038.645333
789,2024-02-01,66,15554,314983.634000
790,2023-12-01,46,48343,947306.834333
791,2022-01-01,-4,1486,21717.025500
792,2022-03-01,-8,307,2536.969833
793,2023-02-01,1,1836945,40124455.099667
794,2022-06-01,15,977959,18166429.232167
795,2022-11-01,43,136471,2627390.161667
796,2022-02-01,30,37541,685638.748667
797,2023-03-01,87,6889,108522.886500
798,2022-12-01,56,18828,390670.605833
799,2022-06-01,57,11825,177742.762500
800,2023-02-01,89,5628,88253.360167
801,2023-09-01,46,28324,541698.817500
802,2023-10-01,43,68462,1513983.322000
803,2024-02-01,56,27292,541958.974167
804,2023-11-01,13,471321,9115187.523167
805,2024-02-01,48,44594,836010.708167
806,2024-03-01,18,102397,300478.092833
807,2024-03-01,103,1193,2907.514833
808,2024-03-01,61,5842,15446.746500
809,2022-10-01,13,896128,15693638.301500
810,2022-03-01,41,16457,270374.786500
811,2022-12-01,7,568778,11544319.164167
812,2022-09-01,67,11226,186771.420167
813,2023-04-01,50,41974,721867.755833
814,2022-10-01,80,8497,126967.611167
815,2023-04-01,80,10217,168233.985667
816,2022-07-01,63,11569,174031.919500
817,2023-09-01,67,10567,191396.749833
818,2024-02-01,104,7517,125695.785500
819,2023-11-01,99,4719,80231.137667
820,2022-01-01,15,331139,7513351.901833
821,2023-03-01,0,921992,5868426.508833
822,2023-03-01,33,204469,4381955.812500
823,2022-03-01,33,42570,697463.249167
824,2023-02-01,70,11004,183731.055500
825,2022-01-01,22,118150,2784332.308667
826,2022-03-01,31,38014,657649.908833
827,2022-09-01,53,19426,354459.068667
828,2022-01-01,70,22773,331370.313500
829,2023-04-01,75,10844,172295.584167
830,2023-07-01,42,39375,840977.842500
831,2023-09-01,70,7441,136175.177333
832,2022-05-01,39,49804,802587.452500
833,2022-02-01,16,289789,6038902.904333
834,2022-04-01,85,26802,404023.439333
835,2022-07-01,64,11406,168621.990833
836,2023-09-01,10,593721,12603526.591500
837,2022-11-01,88,7466,115614.160000
838,2022-12-01,84,6985,132831.662167
839,2023-08-01,80,9849,184793.091667
840,2023-06-01,89,5914,98830.544167
841,2023-11-01,3,627548,15138736.685833
842,2023-12-01,30,294115,6298655.149500
843,2024-02-01,51,27194,550616.121000
844,2023-11-01,47,30467,613697.423833
845,2023-12-01,58,38017,789916.294000
846,2023-02-01,2,1425706,26884440.791667
847,2023-05-01,32,221670,3973388.455167
848,2022-09-01,15,546400,9205705.529167
849,2022-12-01,82,8244,153877.395833
850,2022-04-01,56,21323,367018.556000
851,2022-06-01,64,11084,165384.855000
852,2022-01-01,57,13789,271213.150167
853,2022-07-01,72,12128,186533.676167
854,2023-02-01,59,16493,263805.612833
855,2023-05-01,71,30636,471719.510667
856,2023-06-01,53,30865,631659.486333
857,2023-05-01,92,5800,85755.603333
858,2023-11-01,33,357438,7448597.747500
859,2023-02-01,20,452792,7766568.573167
860,2022-05-01,13,854399,13958374.751667
861,2022-05-01,67,14042,214298.204667
862,2023-04-01,7,802216,14264902.420333
863,2022-03-01,65,14359,220719.515667
864,2022-02-01,45,16925,297754.296833
865,2022-04-01,75,7841,120151.128833
866,2022-05-01,73,30690,567369.661167
867,2023-09-01,55,36278,674162.035167
868,2024-01-01,41,187007,4944239.714167
869,2023-11-01,9,459001,9557666.176833
870,2023-11-01,93,6647,121703.648667
871,2022-06-01,9,1031009,17287195.287000
872,2022-01-01,25,50059,1045180.823333
873,2023-01-01,53,19957,406556.116167
874,2022-10-01,45,37998,642473.362500
875,2022-10-01,68,11462,176931.801667
876,2022-09-01,55,14445,245061.611833
877,2022-04-01,60,12376,203014.043667
878,2023-02-01,76,12333,195772.916833
879,2023-02-01,84,7495,129573.474667
880,2022-02-01,81,11436,184222.101500
881,2023-04-01,77,11308,182952.742333
882,2023-04-01,65,10622,194741.696167
883,2023-07-01,91,5530,103887.507333
884,2023-12-01,8,483909,10311792.520833
885,2024-03-01,28,59932,174808.889667
886,2024-03-01,53,5403,14844.510833
887,2022-05-01,-11,76,293.185500
888,2022-03-01,5,987704,16893519.168167
889,2022-03-01,36,136770,1991117.110167
890,2022-10-01,14,783414,11478529.860167
891,2022-10-01,41,56007,824464.125000
892,2022-05-01,38,133240,1871803.364667
893,2022-11-01,34,47644,904408.108167
894,2023-02-01,91,7123,111510.523167
895,2023-06-01,43,31224,609488.428833
896,2024-01-01,29,447276,9327022.677667
897,2023-11-01,42,222096,6601915.321333
898,2023-11-01,81,8886,162598.026667
899,2022-11-01,-5,69,175.605833
900,2023-03-01,28,561642,9401649.396167
901,2022-12-01,3,1197450,23429992.169000
902,2022-01-01,21,265209,6280198.235667
903,2023-04-01,29,538769,8932019.610500
904,2022-01-01,17,360919,8807028.772000
905,2023-08-01,20,716284,14981395.236500
906,2022-05-01,20,293883,5214568.677667
907,2023-04-01,51,33613,628984.504000
908,2023-07-01,97,7851,123354.928667
909,2023-11-01,17,266971,5789662.303667
910,2023-11-01,55,107672,2242153.477500
911,2024-01-01,94,17821,283433.619500
912,2022-02-01,-9,363,3494.522167
913,2022-02-01,-13,103,1048.241000
914,2022-02-01,3,1356573,22489968.519500
915,2022-11-01,41,35969,623262.384667
916,2022-03-01,54,13504,216010.658333
917,2022-04-01,32,36022,640045.312833
918,2022-04-01,74,8589,138822.595833
919,2023-01-01,71,10925,203643.088167
920,2024-02-01,38,594485,14832331.430833
921,2024-03-01,47,15936,46906.734833
922,2022-10-01,-3,278,754.481333
923,2022-03-01,-10,153,1161.887167
924,2022-05-01,-3,455,2502.034167
925,2022-08-01,-7,106,833.901500
926,2022-03-01,-14,17,110.022167
927,2022-01-01,-23,1,0.069667
928,2023-03-01,-7,4,65.009667
929,2024-03-01,108,2,0.852167
930,2023-02-01,-6,2,32.248000
931,2022-04-01,-15,2,27.376833
932,2022-01-01,-24,2,3.769167
933,2023-03-01,-6,3,40.343500
934,2022-07-01,-15,1,0.198667
935,2023-02-01,-5,2,3.788833
936,2023-03-01,-10,3,7.056667
937,2023-03-01,-12,2,3.146667
938,2022-10-01,26,275836,5402731.029333
939,2022-09-01,2,1573926,26834365.094333
940,2023-08-01,46,28957,594389.640667
941,2023-09-01,59,11299,213104.292667
942,2024-02-01,13,425004,8961622.320667
943,2023-12-01,72,9494,200969.392333
944,2023-05-01,8,779055,12777930.236000
945,2022-09-01,36,30510,527264.492500
946,2022-05-01,5,1622497,27590978.441833
947,2022-10-01,85,6181,88579.531333
948,2023-03-01,89,6264,93839.436000
949,2023-01-01,69,11692,216302.060500
950,2023-01-01,54,20462,397438.946500
951,2023-03-01,-1,9618,38374.587500
952,2023-08-01,50,30355,575682.172333
953,2023-09-01,58,14524,267994.736000
954,2023-06-01,92,5224,89497.417167
955,2023-07-01,79,9982,186702.819667
956,2023-12-01,104,25336,356220.934833
957,2024-01-01,98,4942,91943.198333
958,2024-03-01,76,1790,5003.779000
959,2024-03-01,24,57524,175592.605667
960,2022-04-01,19,296740,5515230.399500
961,2023-03-01,49,44481,740749.561833
962,2022-08-01,22,252685,4990951.209333
963,2022-01-01,52,13904,283398.658333
964,2023-03-01,40,36007,628081.181333
965,2022-10-01,91,26478,370028.904833
966,2023-08-01,16,342609,7389147.883167
967,2022-12-01,55,15247,305633.953833
968,2023-07-01,80,10680,198133.840500
969,2024-02-01,53,21381,420024.245500
970,2024-02-01,70,14616,304517.975500
971,2024-03-01,42,48788,141694.654167
972,2022-10-01,3,1328348,20628537.438667
973,2023-01-01,65,20047,394039.993500
974,2022-07-01,18,584524,10460174.338833
975,2022-12-01,88,6681,118274.610000
976,2023-04-01,55,13199,236879.866667
977,2022-06-01,45,14637,236524.727000
978,2023-03-01,94,10750,161186.983500
979,2023-09-01,72,9342,177955.822333
980,2024-02-01,11,388440,8361848.206000
981,2022-04-01,30,39900,724371.320667
982,2022-09-01,40,57172,907347.690167
983,2022-09-01,47,15053,253055.274333
984,2022-11-01,2,1367826,26647428.284000
985,2022-05-01,61,12592,198175.467500
986,2022-05-01,72,21292,318502.201500
987,2022-07-01,24,208729,4173423.235833
988,2022-09-01,84,6100,91694.055000
989,2023-08-01,34,181794,4067436.494833
990,2024-01-01,5,509882,13298771.287000
991,2024-02-01,1,1403152,37005442.586000
992,2024-03-01,29,82162,233400.326333
993,2023-03-01,66,11880,191898.767167
994,2024-01-01,13,451372,10447294.493833
995,2022-10-01,16,527293,8330975.187500
996,2022-05-01,21,311311,6126221.853167
997,2022-11-01,7,610526,11529108.882667
998,2022-10-01,60,12304,194976.213833
999,2023-03-01,86,7362,110945.127500
1000,2022-07-01,42,35923,600686.427833
1001,2023-04-01,88,6667,110651.158000
1002,2024-02-01,59,96423,1646113.875000
1003,2024-02-01,77,9247,189913.395667
1004,2022-01-01,-6,417,2364.327333
1005,2022-03-01,1,2105466,45213161.156000
1006,2023-03-01,69,29126,454649.370333
1007,2022-08-01,53,18734,290854.801667
1008,2022-12-01,42,37616,729119.676000
1009,2022-08-01,83,6151,92461.871167
1010,2023-08-01,30,407565,8392310.282333
1011,2023-05-01,50,117224,1701098.498667
1012,2023-04-01,76,10526,177572.154000
1013,2022-05-01,-1,1013,8081.313000
1014,2023-09-01,4,714185,16320482.545167
1015,2023-12-01,13,520878,11377300.623000
1016,2023-12-01,6,536660,12173029.688167
1017,2023-10-01,39,151763,3481804.630667
1018,2023-11-01,52,25970,512102.291167
1019,2024-02-01,86,9251,179028.117167
1020,2022-04-01,0,1042510,5755826.029000
1021,2023-05-01,36,264180,6648823.821000
1022,2023-05-01,2,1062167,20970893.619333
1023,2022-05-01,55,12621,206868.568333
1024,2023-01-01,31,213959,5127666.437667
1025,2022-04-01,53,12076,221857.943833
1026,2022-03-01,45,18384,303475.330000
1027,2022-10-01,74,11265,168924.172500
1028,2023-01-01,89,6593,114655.604000
1029,2022-09-01,86,7771,118023.386333
1030,2022-11-01,63,19712,348938.509000
1031,2023-05-01,54,17459,272413.215167
1032,2023-09-01,21,656956,13639133.897333
1033,2023-06-01,98,26210,354642.614833
1034,2024-03-01,52,6709,18346.678500
1035,2024-03-01,71,3852,9776.655667
1036,2022-01-01,26,45441,948780.062333
1037,2023-01-01,23,540608,10537792.112167
1038,2022-09-01,73,11019,183061.094500
1039,2023-02-01,93,10217,163501.839000
1040,2022-02-01,77,6349,103585.791167
1041,2022-12-01,59,13463,257348.677667
1042,2023-05-01,65,11178,182425.480000
1043,2023-12-01,42,162487,3955070.224833
1044,2022-04-01,-5,203,860.923667
1045,2022-03-01,14,734920,13254819.080167
1046,2022-08-01,25,214284,4492497.475000
1047,2022-06-01,13,636143,12467423.606500
1048,2022-11-01,90,10625,167151.935167
1049,2022-07-01,47,20031,331447.466833
1050,2023-08-01,98,7761,126437.452667
1051,2023-11-01,35,634570,15797660.623333
1052,2024-03-01,15,84164,255367.036333
1053,2024-03-01,67,4062,10891.300667
1054,2023-01-01,1,1926155,47010735.294333
1055,2022-05-01,25,235563,4632409.783667
1056,2022-11-01,45,44556,759968.597667
1057,2023-01-01,52,14158,287501.939167
1058,2022-03-01,72,20748,259056.520000
1059,2022-12-01,54,16601,326286.744333
1060,2022-10-01,86,6853,98098.381833
1061,2022-06-01,46,20507,325441.053500
1062,2022-06-01,33,30115,462705.531167
1063,2022-06-01,70,10832,161498.334667
1064,2023-06-01,29,412653,8934173.437833
1065,2023-10-01,78,10032,181732.590833
1066,2024-02-01,65,10760,227664.244167
1067,2022-03-01,15,1161063,24663093.629667
1068,2023-05-01,20,680058,12426313.387500
1069,2022-10-01,38,33689,562625.431500
1070,2022-05-01,14,1082412,21096701.398500
1071,2022-08-01,52,19766,346402.559333
1072,2022-09-01,54,18187,281617.259167
1073,2023-09-01,18,310238,6236096.408333
1074,2023-07-01,84,10156,186033.918500
1075,2023-07-01,94,4626,80265.605167
1076,2023-06-01,83,10176,186466.202000
1077,2023-10-01,81,9307,164664.196500
1078,2022-06-01,-2,564,4474.330000
1079,2024-02-01,50,29577,593351.096500
1080,2022-08-01,48,21265,372066.035500
1081,2022-04-01,27,54463,1018359.819500
1082,2023-03-01,71,11419,184686.945333
1083,2022-05-01,9,1016219,14862551.256833
1084,2022-02-01,80,10375,157052.408833
1085,2022-09-01,79,8212,132423.746167
1086,2022-12-01,8,607408,12195722.056833
1087,2022-09-01,82,6530,92057.902167
1088,2022-06-01,8,744985,11454405.603167
1089,2022-06-01,20,247837,4440184.524667
1090,2023-05-01,70,37389,621933.060833
1091,2023-06-01,19,500575,8932375.244000
1092,2023-07-01,65,11553,219766.833500
1093,2024-02-01,57,39397,724614.942500
1094,2023-05-01,-1,922,4901.232000
1095,2023-12-01,67,12241,254050.957667
1096,2024-01-01,63,11611,259567.860500
1097,2023-10-01,100,7475,113134.431833
1098,2022-03-01,7,1137266,17522911.307000
1099,2022-08-01,19,583767,11090446.102500
1100,2022-08-01,18,620689,10778502.960500
1101,2023-03-01,24,740915,16893442.111833
1102,2023-02-01,28,200107,4191440.526500
1103,2022-10-01,43,135669,1851238.417000
1104,2022-01-01,62,13904,276137.273333
1105,2022-02-01,75,6815,105376.924000
1106,2022-02-01,64,14038,234430.771500
1107,2022-02-01,82,33330,470137.670333
1108,2022-03-01,59,12926,208363.102000
1109,2022-06-01,7,855757,12540662.014167
1110,2023-04-01,19,685929,13403358.145667
1111,2023-02-01,62,10548,184567.694000
1112,2023-04-01,63,12540,212053.602833
1113,2022-07-01,48,20281,324185.690333
1114,2023-07-01,61,14332,280752.005667
1115,2023-07-01,34,197067,4146036.241000
1116,2023-08-01,79,9507,174281.853833
1117,2023-08-01,96,4959,86874.491833
1118,2024-02-01,9,485148,11082647.564167
1119,2022-05-01,-9,130,850.354667
1120,2022-02-01,-8,259,3747.509167
1121,2022-04-01,-6,291,2909.855000
1122,2022-05-01,-12,10,76.354167
1123,2022-06-01,-8,117,877.827500
1124,2023-03-01,-3,5,14.731833
1125,2022-03-01,-16,1,8.622500
1126,2023-05-01,-2,1,0.210833
1127,2023-03-01,-8,2,68.843500
1128,2022-10-01,-12,3,30.978667
1129,2023-05-01,-7,2,12.103667
1130,2023-01-01,-11,1,0.037500
1131,2022-02-01,6,1184286,18351711.137667
1132,2023-02-01,4,981888,16977972.247500
1133,2022-10-01,17,562186,11869414.184167
1134,2022-10-01,27,204958,4062731.147500
1135,2022-03-01,27,47201,824606.093000
1136,2022-04-01,18,276198,5442866.938500
1137,2023-02-01,72,10255,177200.837167
1138,2023-03-01,37,58762,970185.329167
1139,2022-12-01,4,1483868,30336694.059667
1140,2023-04-01,32,234725,4959679.719167
1141,2022-07-01,58,11527,178867.177500
1142,2023-10-01,31,549560,13946791.788500
1143,2024-02-01,19,405320,7518355.006167
1144,2024-02-01,18,571911,12555090.710333
1145,2024-01-01,53,24615,557814.581333
1146,2024-03-01,85,2087,5229.733667
1147,2023-02-01,16,531364,9382962.790333
1148,2023-02-01,34,180242,3691708.463333
1149,2022-10-01,24,239048,4529320.933333
1150,2022-08-01,29,100336,1993784.767833
1151,2022-05-01,17,1078609,21695049.239167
1152,2022-12-01,48,28015,550965.385000
1153,2023-05-01,23,417194,6967170.276833
1154,2023-12-01,1,2076202,55865496.286000
1155,2023-09-01,43,46963,834667.252667
1156,2023-08-01,90,7068,131238.924500
1157,2023-10-01,47,28977,550204.725500
1158,2022-03-01,-4,277,2895.701667
1159,2022-10-01,0,944936,4939588.414333
1160,2022-05-01,83,10402,145395.267500
1161,2022-07-01,6,1215349,20110907.152500
1162,2023-05-01,22,427664,7710533.526333
1163,2022-12-01,52,20534,423478.577000
1164,2023-01-01,58,17813,314516.864000
1165,2023-08-01,37,160699,3746390.429000
1166,2022-07-01,78,7257,100630.967167
1167,2023-09-01,24,546907,11616064.306500
1168,2023-11-01,50,22141,427409.771833
1169,2023-11-01,20,294185,6048893.020833
1170,2023-06-01,74,10717,191025.687333
1171,2024-02-01,68,12813,254893.820833
1172,2022-02-01,22,234474,4759373.264500
1173,2022-10-01,12,671392,10827573.350167
1174,2022-09-01,11,695674,11949782.446833
1175,2022-10-01,40,37974,601230.452667
1176,2023-03-01,46,54604,828359.770667
1177,2022-01-01,75,7266,133176.527167
1178,2022-11-01,80,18695,236632.036833
1179,2023-08-01,21,475873,8895131.289333
1180,2023-08-01,22,401644,7981689.934500
1181,2023-08-01,97,5650,97919.559500
1182,2023-07-01,76,10163,188967.410500
1183,2023-09-01,63,13117,246303.587500
1184,2023-10-01,32,377289,7678186.571167
1185,2024-02-01,105,8789,159479.821500
1186,2024-01-01,77,16194,362384.121500
1187,2024-02-01,85,9143,174951.087167
1188,2022-05-01,-2,535,5695.071000
1189,2022-02-01,5,1356128,26196139.307333
1190,2023-03-01,6,928980,15831201.133167
1191,2022-10-01,62,21387,342313.623500
1192,2022-12-01,45,126805,2172664.715000
1193,2022-06-01,48,16422,254458.069667
1194,2022-07-01,26,306427,7606615.550000
1195,2022-04-01,52,12235,207702.410333
1196,2023-02-01,92,9168,133260.595833
1197,2022-04-01,64,11943,198646.486667
1198,2023-11-01,22,515522,10661122.600167
1199,2023-10-01,23,430364,7968041.977500
1200,2023-09-01,8,580530,12065921.412333
1201,2024-03-01,0,2280,8074.355333
1202,2024-03-01,26,128245,370622.234167
1203,2023-09-01,44,36363,740527.707500
1204,2023-06-01,42,34240,668569.070667
1205,2023-09-01,83,10913,187235.612000
1206,2023-04-01,90,6078,94925.302500
1207,2024-02-01,43,138409,3243341.310833
1208,2024-01-01,23,310358,7167289.323667
1209,2023-10-01,50,24873,483544.459500
1210,2023-12-01,105,22298,417441.436500
1211,2024-03-01,59,34025,92669.477667
1212,2022-04-01,83,11331,175986.358500
1213,2023-11-01,1,1967261,43818803.256000
1214,2023-07-01,40,73439,1657361.620500
1215,2023-06-01,2,899061,19960338.228167
1216,2023-06-01,97,9320,162625.248667
1217,2024-01-01,9,450759,10346316.351500
1218,2024-03-01,77,2019,5397.983500
1219,2022-03-01,35,156291,2908725.153833
1220,2022-03-01,68,13571,221479.579167
1221,2023-02-01,53,13529,253143.145000
1222,2023-03-01,20,467793,8757759.006500
1223,2023-03-01,5,988673,16620978.077167
1224,2022-04-01,41,19794,339411.927333
1225,2022-12-01,31,287204,8404278.704000
1226,2023-04-01,3,1150523,22320999.795667
1227,2023-09-01,12,586315,11287783.561167
1228,2023-09-01,7,517674,10685070.060833
1229,2023-06-01,63,15360,266474.130167
1230,2024-03-01,8,89418,282608.030000
1231,2022-07-01,22,262201,4626241.113500
1232,2023-05-01,18,554689,8698004.367667
1233,2022-07-01,51,18707,310573.695500
1234,2022-07-01,81,6223,86414.454000
1235,2023-04-01,78,12434,192753.234000
1236,2024-03-01,10,105385,327342.648500
1237,2023-07-01,44,30689,609432.662667
1238,2023-06-01,65,11139,217693.957167
1239,2023-12-01,65,16836,353571.236000
1240,2023-10-01,79,9690,173140.124500
1241,2023-10-01,85,9735,174731.167667
1242,2023-02-01,58,17657,330585.737167
1243,2022-06-01,17,600722,10125748.364000
1244,2023-06-01,3,758555,16358074.265667
1245,2023-05-01,60,14688,243002.450833
1246,2024-03-01,40,41677,127148.589833
1247,2022-10-01,7,654757,10656386.320167
1248,2023-01-01,21,632483,12692998.412167
1249,2022-10-01,59,11935,200584.668333
1250,2022-05-01,0,869482,4873955.257000
1251,2023-03-01,55,19606,345252.340667
1252,2022-10-01,70,11683,178100.847500
1253,2022-07-01,27,219558,4348052.948000
1254,2023-04-01,27,453963,9037490.954667
1255,2023-05-01,35,199204,4021391.926333
1256,2022-08-01,72,11122,178891.390167
1257,2022-05-01,43,15753,259531.098500
1258,2023-08-01,15,308498,6810782.608333
1259,2022-06-01,58,20244,315892.690500
1260,2023-04-01,47,49070,800529.051833
1261,2022-08-01,80,7229,117615.634167
1262,2024-03-01,38,91220,276093.640333
1263,2024-01-01,14,487701,11828260.904667
1264,2023-11-01,75,16133,316853.336500
1265,2024-01-01,66,16471,370965.857000
1266,2023-12-01,103,9055,169563.209333
1267,2023-02-01,5,936820,16286082.985500
1268,2022-01-01,64,12729,249854.008167
1269,2023-03-01,12,493681,8820400.320167
1270,2023-03-01,27,833975,18725456.023500
1271,2022-06-01,28,63292,935603.521333
1272,2023-03-01,73,10804,176170.970833
1273,2022-07-01,55,11230,178494.440667
1274,2023-04-01,83,18999,291906.737667
1275,2023-06-01,25,406382,10453511.447000
1276,2024-02-01,63,14301,282279.714833
1277,2023-12-01,102,7660,129620.768500
1278,2023-02-01,-3,85,264.148000
1279,2023-01-01,7,540710,11063113.037000
1280,2022-02-01,27,42833,775456.977000
1281,2023-04-01,39,44275,841431.838500
1282,2024-02-01,29,481322,10651510.275333
1283,2024-02-01,21,241959,5294843.177000
1284,2023-08-01,18,360754,7439759.426000
1285,2023-09-01,2,750605,17800254.923833
1286,2023-06-01,15,361987,7167921.921500
1287,2023-10-01,84,11339,190921.329667
1288,2023-11-01,79,9733,181572.862333
1289,2023-12-01,56,109610,2373061.870000
1290,2024-03-01,81,2548,6789.179167
1291,2024-03-01,90,1673,4176.797000
1292,2022-09-01,8,1141557,19733092.625167
1293,2023-01-01,19,489741,9334015.912500
1294,2022-01-01,72,8582,158584.420833
1295,2022-02-01,26,46134,837615.656333
1296,2022-12-01,1,2290820,60560713.544500
1297,2022-06-01,26,215753,3990443.079333
1298,2023-05-01,28,452098,8415919.507667
1299,2023-05-01,55,13920,217017.373667
1300,2023-10-01,13,476771,9390651.047167
1301,2022-12-01,47,36277,754344.884833
1302,2022-12-01,58,13914,276690.101667
1303,2023-08-01,24,521522,9803660.467000
1304,2023-12-01,32,400636,8926559.673500
1305,2023-12-01,18,270374,5964983.538833
1306,2023-04-01,94,9238,133426.980833
1307,2024-03-01,36,104540,325734.961333
1308,2023-11-01,62,10993,225993.760500
1309,2024-02-01,100,4856,84968.081333
1310,2024-03-01,75,1806,4794.331333
1311,2023-04-01,-9,1,1.315167
1312,2023-05-01,-5,5,8.081333
1313,2022-09-01,-14,1,1.772833
1314,2022-08-01,-17,1,0.722167
1315,2022-03-01,84,27004,400872.318833
1316,2022-01-01,82,28629,519809.009167
1317,2022-08-01,88,30594,377495.072500
1318,2022-10-01,54,19516,328939.902167
1319,2023-03-01,96,24477,350320.922500
1320,2023-02-01,60,12894,226296.572667
1321,2022-06-01,22,288776,5275034.008500
1322,2023-07-01,1,1363596,38167885.179667
1323,2023-01-01,88,5918,103339.181333
1324,2023-07-01,47,26734,542066.051000
1325,2024-01-01,87,11205,223390.105167
1326,2023-12-01,71,10468,222782.332500
1327,2023-11-01,68,14035,254863.312167
1328,2024-02-01,103,5436,93499.077000
1329,2024-03-01,1,350908,1171127.192333
1330,2022-01-01,30,43040,880093.434500
1331,2022-08-01,13,604496,11011406.337167
1332,2022-02-01,43,22624,396657.849000
1333,2022-12-01,36,40408,831626.239833
1334,2023-02-01,80,14268,241939.340333
1335,2022-09-01,48,15136,273640.147500
1336,2022-02-01,54,22495,407861.057000
1337,2022-09-01,61,21534,381472.599667
1338,2022-10-01,72,13725,200136.539500
1339,2022-11-01,53,16006,279393.677833
1340,2022-06-01,78,7022,103038.828167
1341,2023-06-01,40,52393,955279.410000
1342,2023-09-01,93,5225,93560.263000
1343,2023-11-01,96,4882,80336.806333
1344,2024-03-01,27,109780,317018.646833
1345,2022-01-01,12,818695,17294667.643667
1346,2022-09-01,16,581701,12918903.655667
1347,2023-02-01,61,12413,213853.007833
1348,2023-07-01,23,532824,9999701.939500
1349,2023-06-01,17,629087,12254440.516167
1350,2022-05-01,79,6785,101167.628833
1351,2022-03-01,77,6939,107903.270167
1352,2023-09-01,13,658403,13972903.194500
1353,2024-02-01,61,28192,595756.793667
1354,2024-01-01,58,101369,1995364.461333
1355,2023-12-01,70,10916,217137.096000
1356,2023-10-01,82,9625,171224.007833
1357,2024-03-01,107,9044,21016.020000
1358,2022-09-01,12,972110,18219570.411833
1359,2023-03-01,3,1225603,22559871.294667
1360,2022-12-01,0,1078466,7069637.165833
1361,2022-01-01,60,13314,249965.748833
1362,2022-09-01,33,41833,749260.047167
1363,2023-06-01,13,341849,7179072.759333
1364,2022-12-01,68,11911,225182.075000
1365,2023-04-01,41,33827,609550.427667
1366,2023-05-01,44,28370,460128.840500
1367,2023-12-01,38,167725,3976411.980000
1368,2024-02-01,64,11208,223952.704833
1369,2024-01-01,61,23207,512682.255333
1370,2023-02-01,40,33442,617732.253667
1371,2023-01-01,17,708254,12479334.302667
1372,2022-11-01,15,712443,11254444.063000
1373,2023-04-01,1,1387457,33449355.467667
1374,2023-08-01,31,382459,8678011.312000
1375,2023-04-01,62,12931,223341.520167
1376,2022-06-01,76,8132,120112.315833
1377,2022-12-01,89,7502,132694.838000
1378,2024-02-01,2,935217,22128122.800167
1379,2023-10-01,15,480521,9009094.342833
1380,2023-11-01,53,27976,538018.328000
1381,2023-11-01,24,414577,7916664.682500
1382,2024-03-01,34,73155,241406.483000
1383,2023-02-01,11,503861,8705022.727667
1384,2022-03-01,83,32842,428023.627667
1385,2022-09-01,60,12352,208652.861667
1386,2022-01-01,61,13199,266763.790833
1387,2022-02-01,83,26519,388929.790333
1388,2022-07-01,3,937485,17780892.737167
1389,2023-07-01,14,324132,7217256.513000
1390,2023-05-01,77,11033,177499.180000
1391,2023-08-01,55,29781,616803.455333
1392,2022-03-01,-6,189,718.145167
1393,2023-10-01,1,1260637,34440778.918000
1394,2023-11-01,15,621147,13534751.784000
1395,2024-01-01,44,217518,7020139.355000
1396,2024-01-01,18,445298,9322714.857667
1397,2024-01-01,95,6725,136524.626833
1398,2024-01-01,71,10707,228748.217667
1399,2023-10-01,98,4709,80301.699500
1400,2024-03-01,89,2711,6864.173667
1401,2023-02-01,9,476157,8850487.028000
1402,2023-01-01,46,127562,2105001.760833
1403,2022-11-01,29,213368,4568599.298500
1404,2022-11-01,13,596883,10358039.808167
1405,2022-08-01,87,11134,167551.763000
1406,2023-05-01,78,11974,186836.275333
1407,2023-04-01,92,6320,97320.277000
1408,2023-07-01,56,15753,300016.545167
1409,2023-08-01,75,10604,205427.296833
1410,2023-07-01,63,15940,321149.888167
1411,2024-01-01,35,348622,8007991.226167
1412,2024-01-01,6,464615,11554679.927833
1413,2023-11-01,64,16307,321673.790000
1414,2023-12-01,0,12567,225643.380667
1415,2023-10-01,96,5020,81983.055333
1416,2023-03-01,-2,82,418.168167
1417,2024-03-01,104,1288,2994.866500
1418,2022-05-01,2,1274012,23181147.599667
1419,2023-03-01,25,495665,8977208.357333
1420,2022-02-01,63,12865,222729.569667
1421,2022-10-01,39,35187,583472.054500
1422,2022-07-01,53,13895,219255.272000
1423,2022-05-01,60,12815,209517.522833
1424,2022-06-01,39,120945,1580367.153167
1425,2023-04-01,10,420491,8127605.112833
1426,2023-06-01,34,216263,4950016.835667
1427,2022-09-01,71,13455,208019.194500
1428,2022-11-01,85,6295,97708.462500
1429,2023-09-01,57,22323,418862.954833
1430,2023-09-01,71,8030,153751.668667
1431,2023-05-01,72,11971,192278.360667
1432,2023-11-01,27,454926,8564412.054167
1433,2023-11-01,85,11053,191017.646833
1434,2022-01-01,16,343658,7526899.512833
1435,2022-08-01,24,290810,5997180.002833
1436,2022-09-01,0,1147834,6017979.194000
1437,2022-10-01,71,12520,187961.656833
1438,2022-11-01,16,507887,9419754.422500
1439,2022-08-01,76,30690,567299.751833
1440,2022-07-01,31,41315,691778.227167
1441,2022-04-01,77,6790,100850.100167
1442,2023-12-01,9,452719,9956956.213167
1443,2023-05-01,46,32598,549859.715667
1444,2023-08-01,25,335951,7437101.746833
1445,2023-06-01,73,10893,208675.393333
1446,2023-06-01,71,35780,692100.204167
1447,2022-06-01,-1,720,6335.787833
1448,2023-11-01,29,290728,6054376.475167
1449,2023-10-01,28,299660,6112438.952333
1450,2023-11-01,76,32989,646338.446333
1451,2022-01-01,-12,260,1021.318333
1452,2022-01-01,37,32606,662044.720333
1453,2022-03-01,17,292826,5733729.213000
1454,2022-07-01,1,1264808,30425873.714833
1455,2022-07-01,13,567664,9092502.180167
1456,2023-01-01,87,6321,101964.287667
1457,2022-11-01,58,13089,225761.720000
1458,2023-09-01,32,361296,7923395.226500
1459,2023-08-01,83,9956,186962.920333
1460,2023-10-01,25,530670,11240434.539833
1461,2023-10-01,53,40238,710580.982667
1462,2024-03-01,86,2103,5330.350167
1463,2022-01-01,-13,196,672.635167
1464,2022-01-01,67,17086,343254.462833
1465,2022-03-01,25,72788,1181160.447000
1466,2022-09-01,63,32228,477634.869333
1467,2022-11-01,59,11091,193582.602333
1468,2022-08-01,66,11426,189391.108500
1469,2022-11-01,92,24878,371101.166333
1470,2022-08-01,67,11773,183965.425500
1471,2023-05-01,15,462692,7860173.484333
1472,2023-02-01,87,5871,87289.344833
1473,2023-05-01,89,6717,105822.007333
1474,2024-02-01,54,23907,492103.303000
1475,2024-01-01,82,9599,201767.904167
1476,2023-01-01,27,226311,5101684.964500
1477,2023-01-01,11,601572,11602161.797500
1478,2023-01-01,61,11514,217089.945500
1479,2022-04-01,84,32035,409909.951667
1480,2022-03-01,57,32917,512116.452333
1481,2022-09-01,57,11813,201338.443167
1482,2023-07-01,31,721605,17487798.035000
1483,2022-12-01,60,11462,221925.606833
1484,2023-11-01,40,146431,3458444.627833
1485,2024-01-01,36,337180,8595869.100833
1486,2023-11-01,87,8455,156060.050667
1487,2024-02-01,98,5247,100947.977833
1488,2022-12-01,-4,101,111.976667
1489,2023-04-01,-4,1,58.199500
1490,2022-10-01,-5,142,439.264333
1491,2022-03-01,-19,1,0.967000
1492,2022-03-01,-17,2,41.561167
1493,2024-02-01,10,402381,8282113.842833
1494,2023-03-01,50,35086,642730.432167
1495,2022-09-01,87,9987,137883.370500
1496,2023-01-01,94,25539,429034.757500
1497,2022-01-01,48,16258,316403.203333
1498,2023-05-01,1,1447734,30924706.118500
1499,2022-05-01,82,8064,119574.104833
1500,2023-06-01,24,356671,7003009.264833
1501,2024-01-01,10,423867,10147438.200000
1502,2023-07-01,15,358639,7850045.210500
1503,2023-04-01,89,6108,89678.114167
1504,2022-03-01,73,8924,143403.125833
1505,2022-02-01,21,346466,9347440.923167
1506,2022-02-01,4,1074447,19215197.973833
1507,2023-02-01,10,515922,9710420.670333
1508,2022-01-01,1,3566193,86963613.690000
1509,2022-01-01,41,24474,518087.052000
1510,2022-12-01,57,17551,317830.927500
1511,2022-08-01,65,11977,189062.010000
1512,2023-09-01,6,527609,11234386.475000
1513,2023-09-01,66,13956,241037.196500
1514,2023-12-01,14,477953,9431813.158000
1515,2023-06-01,77,9890,179220.995667
1516,2023-12-01,45,68306,1625281.041667
1517,2023-07-01,85,12704,237401.936167
1518,2022-04-01,79,6315,97995.332000
1519,2022-01-01,18,266085,6497858.699833
1520,2023-02-01,17,730958,14233472.225333
1521,2024-02-01,36,324653,6640757.779667
1522,2022-12-01,39,29869,581502.391333
1523,2023-05-01,7,809594,12996657.849833
1524,2023-04-01,91,5684,87498.851667
1525,2023-08-01,94,5023,87181.529833
1526,2023-11-01,66,11921,234020.052000
1527,2023-11-01,89,12036,224367.577500
1528,2022-08-01,-4,203,928.244500
1529,2023-02-01,6,1223870,23000374.949000
1530,2022-01-01,45,22313,471434.455833
1531,2022-04-01,11,733652,15456023.479833
1532,2023-01-01,66,39184,762625.726667
1533,2022-11-01,67,11420,189080.770333
1534,2022-07-01,68,11872,177602.061167
1535,2022-11-01,68,11428,186147.007333
1536,2022-06-01,82,6561,91797.797333
1537,2023-01-01,86,6435,104793.412167
1538,2023-12-01,63,11425,247397.510833
1539,2022-02-01,2,2756941,50830478.475667
1540,2022-03-01,34,63929,957731.320333
1541,2022-10-01,46,29688,468497.079167
1542,2022-10-01,52,17208,275499.358000
1543,2022-12-01,64,20337,397194.553667
1544,2022-04-01,70,15738,263967.185000
1545,2022-12-01,71,11395,204827.263000
1546,2022-05-01,58,41086,693291.362500
1547,2023-07-01,9,659736,12541843.111333
1548,2023-10-01,77,10287,192946.170333
1549,2023-10-01,16,282105,6027305.775500
1550,2023-11-01,92,17458,248989.170667
1551,2022-07-01,-3,316,3016.336000
1552,2022-02-01,19,245631,5307475.162000
1553,2022-08-01,21,715323,11255319.532333
1554,2022-08-01,3,849667,16712762.044333
1555,2024-02-01,26,554181,11919539.233333
1556,2023-01-01,45,139131,2984250.912333
1557,2022-10-01,44,48650,764216.222667
1558,2022-08-01,89,27110,395941.113167
1559,2022-10-01,65,12519,199308.781333
1560,2022-03-01,53,13025,216609.808833
1561,2023-02-01,-1,29675,275013.540167
1562,2022-06-01,54,11355,170693.043500
1563,2022-04-01,47,16360,274556.620333
1564,2022-12-01,61,11468,238259.815500
1565,2023-09-01,30,556580,13837302.517333
1566,2023-11-01,2,791045,19312111.685333
1567,2023-05-01,94,7159,105989.774167
1568,2023-04-01,59,14071,245479.995833
1569,2024-03-01,83,2375,6061.665000
1570,2022-02-01,18,338758,7095866.894500
1571,2023-02-01,31,181700,3906137.263000
1572,2023-03-01,15,925723,17243623.627833
1573,2023-01-01,25,885908,21805671.826833
1574,2022-09-01,35,37174,677709.727167
1575,2023-02-01,66,19574,348882.065000
1576,2023-03-01,72,11127,178581.628167
1577,2022-05-01,44,15755,271411.709167
1578,2022-12-01,72,11356,218600.173667
1579,2023-12-01,16,624684,13887800.685000
1580,2023-09-01,0,10091,277687.538333
1581,2023-12-01,10,452659,9598808.234167
1582,2024-01-01,47,47138,976532.249333
1583,2024-03-01,87,2182,5594.366000
1584,2022-03-01,-5,289,1928.072500
1585,2022-03-01,6,1287160,23716508.118167
1586,2022-03-01,19,331483,6773472.135833
1587,2023-03-01,56,19702,336993.659667
1588,2022-10-01,6,693206,12162919.386500
1589,2022-01-01,51,13972,278828.503000
1590,2022-01-01,77,7555,143974.669833
1591,2022-04-01,10,695505,11243170.459500
1592,2022-07-01,25,228995,4595640.044500
1593,2022-11-01,22,516888,10043404.100667
1594,2022-11-01,14,817070,15455769.336333
1595,2022-08-01,43,38337,688060.570500
1596,2022-05-01,28,54482,971067.909000
1597,2022-04-01,65,12591,209696.362833
1598,2023-05-01,79,13068,194615.826000
1599,2022-07-01,59,19671,318484.953167
1600,2023-05-01,58,19611,327559.389167
1601,2023-07-01,26,392532,10684989.280000
1602,2023-12-01,43,223902,6831589.192333
1603,2023-07-01,96,5670,96079.733000
1604,2024-02-01,97,5503,97141.805667
1605,2024-02-01,96,6543,120515.847167
1606,2022-12-01,22,553740,10727481.823667
1607,2022-04-01,66,13975,220627.573833
1608,2022-12-01,74,13163,236039.977667
1609,2022-07-01,88,25225,354880.980167
1610,2022-08-01,51,16229,270371.509833
1611,2022-07-01,77,8080,118912.317500
1612,2022-07-01,75,28768,505260.915167
1613,2022-12-01,67,12070,234041.557500
1614,2023-09-01,20,540862,10915889.158000
1615,2023-07-01,55,24330,478777.512000
1616,2023-09-01,77,9748,172828.361833
1617,2022-02-01,-6,356,1923.281000
1618,2022-09-01,19,586734,10083151.922500
1619,2022-08-01,6,788385,13637262.988000
1620,2022-10-01,33,50693,883112.672167
1621,2023-01-01,81,29258,631988.580500
1622,2023-02-01,42,30362,565189.367333
1623,2022-09-01,90,25649,356253.916333
1624,2022-07-01,39,137047,2349039.559000
1625,2023-10-01,14,643746,13839095.332833
1626,2023-10-01,11,574211,12273127.023833
1627,2023-04-01,86,7744,125193.818000
1628,2023-06-01,35,165777,3783887.202000
1629,2024-01-01,103,7551,134540.608333
1630,2023-07-01,10,643687,12640558.873833
1631,2024-01-01,51,26974,628730.211667
1632,2023-09-01,95,4778,77065.694333
1633,2023-12-01,79,10428,215048.292333
1634,2023-06-01,57,12133,242988.729333
1635,2022-01-01,-3,1371,13065.883833
1636,2023-04-01,16,851364,16163374.715833
1637,2023-03-01,36,86241,1744720.200500
1638,2022-10-01,82,7262,110473.714167
1639,2023-08-01,1,1207828,33374313.558667
1640,2023-03-01,54,14086,239929.391167
1641,2023-02-01,86,6628,109663.242833
1642,2023-05-01,45,30522,526047.514667
1643,2023-08-01,58,12071,236265.454000
1644,2023-11-01,44,66918,1513579.199500
1645,2024-02-01,44,151436,3495685.490333
1646,2023-10-01,102,24622,319964.590667
1647,2023-10-01,92,6934,124476.242000
1648,2024-01-01,84,9228,196546.651167
1649,2023-10-01,94,5382,95755.708667
1650,2023-02-01,25,470380,9387146.718167
1651,2023-02-01,29,227694,4366262.496000
1652,2022-04-01,38,49552,827776.232667
1653,2022-03-01,42,16396,283302.399833
1654,2022-01-01,43,19708,390432.200500
1655,2022-09-01,76,20632,314487.934167
1656,2022-12-01,66,30804,565188.882500
1657,2022-12-01,9,583674,11011600.879667
1658,2022-11-01,0,1395662,8098703.914833
1659,2023-05-01,37,194597,4014867.548167
1660,2023-05-01,83,14624,231361.482833
1661,2023-07-01,24,360451,8008225.985833
1662,2023-07-01,51,115682,2400255.556333
1663,2023-07-01,60,17710,344179.201333
1664,2023-10-01,90,26779,546411.735333
1665,2024-03-01,30,131864,382665.198667
1666,2023-02-01,-2,297,1147.487833
1667,2022-02-01,-5,273,2639.275500
1668,2022-11-01,-6,22,80.894667
1669,2023-04-01,-6,2,41.108000
1670,2022-09-01,-11,2,7.599667
1671,2023-02-01,-7,2,85.432167
1672,2022-02-01,-23,1,0.420833
1673,2023-04-01,12,459542,8899416.113333
1674,2023-05-01,41,38227,659697.652833
1675,2023-01-01,13,1046694,21149903.562167
1676,2023-08-01,49,28274,559992.253167
1677,2023-07-01,36,164208,3823686.224000
1678,2023-07-01,21,416992,8270743.486167
1679,2023-08-01,65,14959,272407.767500
1680,2023-07-01,92,5144,85648.666167
1681,2022-08-01,45,19512,328713.876833
1682,2023-10-01,58,23187,433394.403500
1683,2023-10-01,70,9349,183326.591667
1684,2023-12-01,64,16401,343983.406833
1685,2023-12-01,98,5055,92018.507167
1686,2023-02-01,65,11144,192285.016333
1687,2024-03-01,2,224402,704131.228167
1688,2022-02-01,76,6748,110265.415000
1689,2022-03-01,39,31057,525809.973667
1690,2022-05-01,45,21959,376530.035167
1691,2023-03-01,26,497305,9564410.635333
1692,2022-10-01,-1,1305,6499.469500
1693,2023-12-01,19,269847,6103854.621667
1694,2024-01-01,79,26900,565627.930000
1695,2022-05-01,80,6369,96701.810500
1696,2023-10-01,69,10454,204884.741667
1697,2023-12-01,99,4606,84061.132333
1698,2023-04-01,23,450098,10857791.509000
1699,2023-08-01,42,51170,953250.309167
1700,2022-11-01,25,222084,4569953.921167
1701,2022-12-01,10,632461,11845938.144667
1702,2023-09-01,17,317477,6734088.963500
1703,2022-02-01,37,40194,744187.790000
1704,2023-12-01,3,689508,16429886.979333
1705,2023-11-01,57,36469,712613.654500
1706,2022-04-01,61,12325,197287.975000
1707,2022-02-01,62,12241,214891.234000
1708,2023-05-01,80,11357,177949.293833
1709,2023-08-01,86,12629,236381.630500
1710,2024-02-01,76,8007,162782.221000
1711,2022-10-01,4,706799,12511289.930667
1712,2022-09-01,7,747759,12893785.543333
1713,2022-06-01,47,20470,315815.886833
1714,2023-03-01,19,643738,10405783.741167
1715,2022-02-01,12,769688,13487289.079167
1716,2023-09-01,5,562694,11843620.452500
1717,2023-01-01,90,7503,130081.542000
1718,2023-06-01,85,17702,303380.036667
1719,2023-11-01,103,24756,332467.565167
1720,2024-01-01,90,9602,196163.889000
1721,2024-03-01,6,104375,333564.096333
1722,2024-03-01,101,1143,2597.117333
1723,2022-01-01,-8,297,1306.081167
1724,2022-10-01,19,879749,17611171.161333
1725,2022-11-01,47,27317,473939.828167
1726,2022-05-01,68,11924,189519.593500
1727,2023-07-01,88,18457,267161.878333
1728,2023-11-01,37,163931,3734436.410667
1729,2022-06-01,-3,223,1133.122000
1730,2023-04-01,18,504040,8901690.903833
1731,2023-04-01,37,82579,1682529.850167
1732,2022-09-01,26,207361,4371701.743667
1733,2022-04-01,12,880036,15263400.655333
1734,2022-08-01,36,34368,607958.310500
1735,2022-10-01,66,12131,185843.635833
1736,2023-07-01,49,30861,582592.662000
1737,2023-08-01,87,17187,295709.861333
1738,2023-09-01,94,4775,78070.002333
1739,2023-09-01,86,9400,168194.961167
1740,2023-10-01,36,170561,3785019.198667
1741,2023-12-01,77,34024,699040.805000
1742,2023-10-01,0,10331,264241.588667
1743,2023-10-01,83,10166,179899.291000
1744,2022-07-01,-7,130,823.098667
1745,2022-10-01,18,697199,11547016.857167
1746,2022-12-01,28,265313,6296174.689667
1747,2022-12-01,13,700376,12560433.310500
1748,2023-04-01,8,1056449,20238792.370667
1749,2023-03-01,83,28646,534961.587833
1750,2023-03-01,62,12992,214238.658167
1751,2023-02-01,50,25494,439212.623500
1752,2023-02-01,35,85166,1739970.615333
1753,2022-09-01,38,35573,634597.374500
1754,2022-08-01,37,36354,636497.519833
1755,2023-06-01,30,740725,17397222.131833
1756,2023-06-01,4,714376,14679175.186667
1757,2023-06-01,10,890751,18224838.573000
1758,2023-09-01,34,466431,8423698.619667
1759,2023-08-01,36,207395,4952054.367000
1760,2023-09-01,80,9074,159832.654333
1761,2024-02-01,37,322453,7363510.559500
1762,2023-07-01,75,10586,191280.565500
1763,2023-12-01,40,192301,4800302.275000
1764,2024-02-01,93,16242,297895.269833
1765,2022-04-01,-7,326,2242.637333
1766,2022-05-01,41,30253,490467.551333
1767,2022-02-01,48,15245,270754.243000
1768,2022-09-01,70,12321,199682.974167
1769,2022-10-01,73,11593,175772.658500
1770,2023-02-01,85,6915,107447.568667
1771,2023-01-01,56,15174,296690.032000
1772,2022-11-01,35,39473,718554.623167
1773,2022-11-01,66,11814,201060.521667
1774,2022-12-01,69,11608,217688.597833
1775,2022-06-01,68,13123,183637.454667
1776,2023-07-01,54,30088,618722.378333
1777,2023-08-01,78,9355,169564.248000
1778,2024-01-01,67,13387,293117.241667
1779,2024-02-01,67,15852,321523.814500
1780,2024-02-01,99,4799,81220.270500
1781,2023-10-01,72,8274,158901.060167
1782,2023-11-01,78,10096,196799.668333
1783,2024-03-01,79,4776,12934.634500
1784,2023-03-01,48,118089,1746203.929667
1785,2023-01-01,30,195211,4656488.106667
1786,2022-11-01,10,976950,17169065.981000
1787,2023-01-01,33,204905,4742729.934333
1788,2022-08-01,41,141564,2021767.675833
1789,2022-07-01,61,29833,445822.651667
1790,2022-05-01,47,17758,289479.266000
1791,2023-08-01,28,442419,9537877.291333
1792,2023-03-01,80,12126,194688.174333
1793,2022-11-01,61,11550,196474.380167
1794,2023-06-01,6,716865,14199111.748333
1795,2023-08-01,33,520288,9756316.609333
1796,2022-07-01,52,17539,254993.363000
1797,2023-12-01,11,510419,10965008.051167
1798,2023-05-01,76,10881,171226.635500
1799,2023-09-01,35,169449,3684340.310000
1800,2022-06-01,66,11155,167585.221667
1801,2023-10-01,33,355393,7929063.816500
1802,2023-10-01,34,650756,15665640.395000
1803,2023-11-01,69,10693,195832.810333
1804,2024-03-01,72,2647,7262.666333
1805,2022-06-01,11,639876,10425945.235333
1806,2022-06-01,24,234064,4442470.872833
1807,2022-09-01,49,21394,384406.960167
1808,2023-03-01,65,11313,192776.322833
1809,2023-11-01,18,268561,5947302.100333
1810,2022-10-01,69,11822,175641.770667
1811,2022-10-01,57,14040,218251.007333
1812,2022-11-01,64,37973,667530.564500
1813,2022-12-01,38,35850,755381.603333
1814,2023-05-01,97,28980,355884.220500
1815,2023-09-01,33,661990,15864975.100167
1816,2022-08-01,79,7665,114013.343500
1817,2023-04-01,61,16317,260808.713667
1818,2023-10-01,26,474516,8822100.759167
1819,2023-10-01,45,36563,753842.041333
1820,2023-12-01,49,28965,597853.043667
1821,2024-02-01,52,26191,550270.100500
1822,2024-03-01,19,131352,379494.100000
1823,2022-01-01,24,59975,1317494.195833
1824,2022-08-01,71,11582,187261.944667
1825,2022-11-01,65,29719,470817.659333
1826,2022-07-01,76,18892,222459.796000
1827,2022-04-01,45,22000,369141.164667
1828,2023-04-01,49,114242,1705822.045000
1829,2023-07-01,35,211546,4997890.106500
1830,2023-12-01,55,41126,776494.307333
1831,2023-10-01,75,33630,636097.528500
1832,2023-11-01,74,9415,186746.233833
1833,2022-09-01,30,96887,1943480.949333
1834,2023-02-01,46,134999,2690671.308833
1835,2022-08-01,31,51877,953810.532167
1836,2022-08-01,62,33501,529689.670667
1837,2024-01-01,8,536113,13572878.710500
1838,2022-10-01,67,11912,179584.336667
1839,2022-06-01,75,18315,208053.127667
1840,2023-11-01,38,174017,3705352.408000
1841,2023-11-01,41,159937,3750760.019000
1842,2023-09-01,37,195360,4430790.240000
1843,2023-04-01,71,11321,192868.718167
1844,2024-02-01,34,354450,7747423.209500
1845,2024-02-01,49,35533,771889.033667
1846,2024-01-01,81,9922,209886.553667
1847,2024-03-01,58,11163,30811.448500
1848,2022-05-01,-10,130,986.905167
1849,2023-11-01,105,32,23.070000
1850,2022-01-01,-15,124,292.745333
1851,2023-06-01,100,44,26.035500
1852,2023-01-01,-6,4,12.290333
1853,2023-04-01,-8,3,7.738333
1854,2023-09-01,103,14,16.004667
1855,2023-02-01,-12,1,40.009833
1856,2022-08-01,-11,2,3.449000
1857,2022-04-01,-16,2,43.704167
1858,2022-02-01,-24,1,0.637500
1859,2023-01-01,24,520283,11232481.262833
1860,2022-06-01,50,18762,304904.658167
1861,2023-04-01,57,18965,332799.963833
1862,2022-08-01,2,986364,20453826.439833
1863,2022-09-01,5,759227,14162688.719167
1864,2022-02-01,69,21235,344150.163500
1865,2023-04-01,97,24127,359798.280167
1866,2022-07-01,28,96638,1806317.647333
1867,2023-03-01,51,26897,455414.762500
1868,2022-10-01,49,15212,253332.875000
1869,2022-05-01,78,6943,99651.658000
1870,2022-06-01,80,6458,90149.907333
1871,2022-07-01,45,14568,229957.382500
1872,2023-10-01,55,103297,1769131.462500
1873,2023-10-01,49,22861,423246.608667
1874,2023-11-01,95,5293,97629.673333
1875,2022-03-01,22,344024,8940740.478333
1876,2022-07-01,9,706354,11448248.873500
1877,2022-04-01,29,41379,730556.035167
1878,2022-08-01,10,716776,12040435.177333
1879,2022-10-01,64,32438,471779.609000
1880,2022-08-01,61,40319,678179.798333
1881,2023-10-01,5,659542,15003479.176167
1882,2023-12-01,92,27054,607875.286500
1883,2023-01-01,34,91428,2077456.157333
1884,2022-05-01,6,1004732,15218838.446667
1885,2023-05-01,26,677905,14516461.839167
1886,2023-03-01,10,471387,8832057.303333
1887,2022-09-01,20,569418,10829997.020000
1888,2023-01-01,49,28284,544069.946667
1889,2022-12-01,21,832836,19628917.895833
1890,2023-09-01,26,312616,6749764.447833
1891,2022-07-01,38,52151,770600.515000
1892,2022-06-01,42,27805,420066.777500
1893,2023-02-01,81,18702,295970.833833
1894,2023-07-01,86,17492,302017.370333
1895,2024-02-01,87,9937,191061.126667
1896,2023-12-01,88,8665,170474.281833
1897,2024-03-01,12,88172,270501.396000
1898,2022-06-01,79,6393,82591.911333
1899,2022-10-01,1,1855395,38033267.305667
1900,2022-06-01,5,1334311,20955271.644833
1901,2023-02-01,24,479070,8545185.882000
1902,2022-04-01,7,1187818,21654972.999500
1903,2023-09-01,25,469088,8488544.354167
1904,2022-07-01,69,13019,183852.820333
1905,2023-06-01,60,14467,273079.242000
1906,2023-06-01,22,545804,9776647.923500
1907,2023-03-01,84,18362,224171.554000
1908,2024-01-01,28,504634,12183741.276167
1909,2024-01-01,68,12024,264320.206833
1910,2022-07-01,80,6358,84945.961333
1911,2023-12-01,82,9189,176875.189833
1912,2024-01-01,102,5483,102928.340500
1913,2023-04-01,-1,1399,7397.882500
1914,2023-04-01,35,260706,6960979.208000
1915,2022-02-01,23,110145,2248289.904333
1916,2022-08-01,54,14579,244306.729667
1917,2022-02-01,29,33333,597749.113167
1918,2023-08-01,92,5499,103235.803667
1919,2023-06-01,5,771176,15790743.442167
1920,2024-02-01,17,409293,8171773.062167
1921,2023-12-01,48,31472,662251.649333
1922,2023-06-01,93,4756,80316.890000
1923,2024-03-01,14,96923,285658.510500
1924,2024-03-01,68,3252,9099.474000
1925,2022-06-01,25,312278,7382709.832667
1926,2023-03-01,18,735727,14103027.192333
1927,2022-09-01,52,16058,272019.505333
1928,2022-12-01,90,9722,159627.928167
1929,2022-04-01,76,7475,123016.287833
1930,2023-05-01,42,34906,582832.886000
1931,2023-09-01,75,25987,466067.783500
1932,2023-10-01,2,764283,19122896.127167
1933,2023-10-01,20,333758,6809215.851333
1934,2023-12-01,61,15266,311648.219500
1935,2024-01-01,62,14889,321342.532500
1936,2022-05-01,-8,192,1087.910833
1937,2022-10-01,-7,21,68.035833
1938,2022-08-01,-9,17,82.380500
1939,2022-04-01,-8,201,1170.827500
1940,2023-11-01,10,520889,10920293.121667
1941,2022-03-01,71,31512,601935.342500
1942,2022-01-01,79,11065,193675.994667
1943,2022-08-01,17,958729,19769830.445000
1944,2022-12-01,11,996617,18784043.378167
1945,2023-04-01,28,779062,17734542.149500
1946,2023-02-01,83,17382,205049.712000
1947,2022-10-01,87,7782,109990.755167
1948,2022-12-01,34,62218,1174400.906333
1949,2023-04-01,82,14030,241116.209500
1950,2024-02-01,106,25051,356223.484833
1951,2023-12-01,100,4856,89566.286333
1952,2024-03-01,41,33220,101306.080500
1953,2022-06-01,-5,362,2494.757333
1954,2022-02-01,17,320865,6306660.183833
1955,2022-09-01,9,1244235,22122320.156000
1956,2022-04-01,5,1069592,16881027.093833
1957,2022-03-01,43,22695,393589.524500
1958,2022-03-01,64,13164,211497.522500
1959,2022-06-01,35,35194,553325.910833
1960,2022-08-01,73,12745,208124.889667
1961,2024-01-01,83,8979,186728.824667
1962,2024-02-01,55,25317,511881.711833
1963,2024-01-01,52,22470,489180.473833
1964,2023-02-01,0,946322,5925546.130000
1965,2022-10-01,28,226648,4482524.301667
1966,2022-01-01,63,15260,290490.658000
1967,2022-12-01,25,638021,11802001.077167
1968,2022-06-01,1,1348410,30649965.041167
1969,2023-04-01,48,128209,2495374.679833
1970,2023-04-01,36,185123,3816557.197167
1971,2022-10-01,48,15259,243377.763833
1972,2022-12-01,49,18423,368059.642500
1973,2022-07-01,37,36814,577653.692000
1974,2022-10-01,88,10044,132604.777667
1975,2023-07-01,67,9841,198806.950000
1976,2023-06-01,76,9652,171718.672833
1977,2023-12-01,20,300858,6656994.343833
1978,2023-10-01,68,11001,199863.923833
1979,2022-05-01,-4,253,1236.383333
1980,2022-06-01,-10,65,264.131667
1981,2022-01-01,6,997844,20179763.951000
1982,2022-04-01,15,681780,12612555.122000
1983,2022-09-01,31,63894,1051186.483333
1984,2022-04-01,67,11835,192980.588500
1985,2022-06-01,71,12285,183131.309500
1986,2022-11-01,86,5818,92168.746333
1987,2022-07-01,44,18372,290094.532833
1988,2022-08-01,77,21410,256388.252500
1989,2023-09-01,31,374778,7471136.996833
1990,2023-09-01,49,24879,469149.537000
1991,2024-02-01,91,9423,173282.852167
1992,2022-03-01,11,968376,16486475.556500
1993,2022-09-01,44,38064,695504.793833
1994,2022-11-01,9,622434,10977037.065667
1995,2023-01-01,43,36621,704754.916667
1996,2023-01-01,75,13106,227032.048667
1997,2022-10-01,50,21114,350448.826000
1998,2022-04-01,59,12762,212806.379000
1999,2023-04-01,69,36472,653140.551500
2000,2023-05-01,62,17115,266096.002667
2001,2023-05-01,75,11031,173427.044833
2002,2023-04-01,67,10995,188121.677000
2003,2023-08-01,100,25206,339995.929333
2004,2023-06-01,56,12539,234865.233500
2005,2024-02-01,94,25952,577509.569500
2006,2023-12-01,25,411203,8134642.009333
2007,2024-01-01,104,8961,180120.358167
2008,2023-10-01,62,16074,307260.394667
2009,2024-03-01,13,81372,244799.282500
2010,2024-03-01,50,8210,22465.079500
2011,2023-11-01,49,27043,561279.079833
2012,2022-12-01,12,1128702,22511223.725333
2013,2022-11-01,74,10842,176496.884833
2014,2022-05-01,63,11891,191159.824000
2015,2022-06-01,60,29620,405797.630000
2016,2023-06-01,27,627206,15359778.901333
2017,2023-06-01,36,181078,4172600.378833
2018,2023-06-01,58,17543,343683.461833
2019,2023-07-01,89,7190,130750.000833
2020,2023-07-01,48,28636,568552.580000
2021,2023-12-01,96,5511,106742.738500
2022,2024-01-01,15,450316,9645826.614000
2023,2023-01-01,15,584425,11156176.306000
2024,2022-02-01,39,19984,340369.491500
2025,2022-05-01,12,700610,14272739.393667
2026,2023-03-01,74,11076,173005.085500
2027,2022-06-01,59,38947,616042.236500
2028,2022-06-01,40,45383,679187.621833
2029,2022-05-01,81,7031,105636.504667
2030,2023-08-01,40,174096,4226991.668000
2031,2023-05-01,14,418686,7163980.425333
2032,2022-12-01,50,14507,284585.955000
2033,2022-07-01,32,37670,620178.713000
2034,2023-05-01,87,8301,127843.806667
2035,2023-11-01,65,13065,261099.286000
2036,2024-01-01,76,9463,212585.787833
2037,2022-02-01,-7,205,864.985333
2038,2022-12-01,-8,1,14.281833
2039,2022-04-01,-13,20,53.521833
2040,2022-07-01,-18,1,0.176167
2041,2022-02-01,-14,86,542.089333
2042,2022-10-01,-10,1,10.244333
2043,2022-01-01,-22,2,0.284667
2044,2022-12-01,-7,1,16.020167
2045,2022-10-01,-13,1,50.610333
2046,2023-01-01,-5,4,8.322333
2047,2022-01-01,-25,1,4.164167
2048,2022-04-01,-14,1,1.093833
2049,2022-10-01,22,934152,19264385.672333
2050,2023-05-01,4,964392,17417188.462000
2051,2023-03-01,78,10943,173241.034500
2052,2023-04-01,22,421549,7526840.859500
2053,2024-02-01,7,409828,9088224.425667
2054,2023-11-01,32,527747,13642705.650167
2055,2023-12-01,76,16553,343542.391167
2056,2024-03-01,70,2756,7625.398333
2057,2023-01-01,37,40440,821503.108167
2058,2022-06-01,30,41462,668162.414833
2059,2023-04-01,0,711992,4001208.115667
2060,2022-07-01,46,14477,240749.907000
2061,2023-05-01,96,10528,156931.590333
2062,2023-07-01,2,1044795,25897685.575667
2063,2023-12-01,15,457441,9375092.905167
2064,2024-02-01,95,16719,233569.216500
2065,2024-03-01,3,177229,560804.026667
2066,2022-01-01,46,21288,385003.108167
2067,2022-10-01,78,30562,554072.184000
2068,2023-05-01,29,784033,16125001.717500
2069,2023-05-01,49,127413,2315341.948667
2070,2023-03-01,81,14994,240931.445333
2071,2023-02-01,88,6003,91838.057500
2072,2023-01-01,68,12037,226652.368167
2073,2023-01-01,62,11377,233308.423500
2074,2022-09-01,88,10964,169615.554167
2075,2023-08-01,17,334695,6895899.705500
2076,2023-08-01,56,23978,479985.264667
2077,2023-04-01,96,29104,374174.136333
2078,2023-06-01,12,357339,7399524.632000
2079,2023-06-01,75,10341,185244.854500
2080,2024-02-01,16,405400,7832614.095333
2081,2024-02-01,40,151271,3421470.129000
2082,2023-07-01,98,9122,160324.723833
2083,2022-08-01,11,1003290,18056296.552500
2084,2022-01-01,40,17355,366791.627000
2085,2022-12-01,27,246316,5161606.611333
2086,2023-10-01,10,538878,10982267.844667
2087,2022-03-01,29,41487,753465.656833
2088,2022-11-01,83,6902,113831.523500
2089,2023-07-01,4,660700,14946643.244333
2090,2023-08-01,63,12671,250861.211000
2091,2023-08-01,99,9067,161725.517500
2092,2023-08-01,84,8760,165229.062667
2093,2023-07-01,95,4955,85636.191333
2094,2023-11-01,71,9179,183993.435000
2095,2023-10-01,61,11231,221995.629833
2096,2023-02-01,38,36747,677419.898000
2097,2022-09-01,25,280221,5731066.284167
2098,2022-11-01,87,6508,102231.812833
2099,2022-06-01,69,11141,161480.829667
2100,2023-08-01,7,642391,13731105.679333
2101,2022-07-01,41,45754,722634.180167
2102,2023-08-01,29,591710,15100157.064500
2103,2022-06-01,53,13445,205383.861333
2104,2022-05-01,71,16080,256725.444500
2105,2023-08-01,70,8536,167475.373167
2106,2023-07-01,46,24393,460373.287500
2107,2023-11-01,12,547066,11836878.359333
2108,2023-05-01,88,7101,104460.066833
2109,2023-03-01,32,187113,3965228.735500
2110,2022-03-01,32,39596,675260.237833
2111,2023-02-01,18,631239,9852808.898333
2112,2022-12-01,5,991481,17817378.270500
2113,2023-01-01,51,14440,280526.921500
2114,2023-01-01,48,35941,742417.858500
2115,2022-04-01,69,13042,218856.031667
2116,2023-04-01,30,196941,4103464.095167
2117,2023-07-01,18,602259,12401444.167833
2118,2023-11-01,16,452474,8545844.221667
2119,2023-12-01,44,163701,4204980.652667
2120,2023-12-01,87,9812,197956.012833
2121,2024-02-01,71,13556,251661.507500
2122,2024-03-01,44,34309,104499.459333
2123,2022-10-01,8,694629,11242727.169500
2124,2024-01-01,17,604437,14779252.336167
2125,2022-09-01,41,154282,2938921.188500
2126,2022-08-01,35,31407,532862.277667
2127,2023-10-01,18,313846,6710837.265833
2128,2022-08-01,46,15589,260981.931333
2129,2023-04-01,44,29815,553188.309333
2130,2022-06-01,63,11620,168913.799167
2131,2023-06-01,8,689628,12441785.888000
2132,2024-01-01,88,9623,204662.259500
2133,2022-08-01,-2,459,5774.990000
2134,2023-02-01,36,55683,939839.301000
2135,2022-01-01,54,45378,954645.901333
2136,2022-08-01,12,904629,13956534.864333
2137,2023-03-01,61,13480,227858.165167
2138,2022-11-01,84,6286,92467.134000
2139,2022-06-01,56,11818,178337.688000
2140,2024-01-01,26,390197,8324850.550500
2141,2022-05-01,76,8048,119869.118667
2142,2024-01-01,70,14157,287271.787833
2143,2023-12-01,74,8351,178715.507833
2144,2024-03-01,46,63576,200283.653333
2145,2024-03-01,95,6822,17574.103167
2146,2022-03-01,16,785107,12372513.833833
2147,2022-04-01,1,1668953,35815731.848167
2148,2022-10-01,2,2110371,40404088.287500
2149,2023-05-01,0,491705,2711409.118167
2150,2022-04-01,26,69041,1135131.557667
2151,2023-01-01,26,642902,11405048.970000
2152,2023-02-01,95,23809,341653.169333
2153,2022-09-01,65,11878,195572.463667
2154,2022-06-01,87,24958,320686.627667
2155,2022-11-01,50,14044,258033.780667
2156,2023-03-01,42,28498,479518.728000
2157,2023-04-01,42,32857,601851.171333
2158,2023-04-01,26,454685,8348804.867167
2159,2022-05-01,48,16436,263403.355833
2160,2023-05-01,95,9232,127154.128167
2161,2022-04-01,62,11798,193631.366167
2162,2022-12-01,62,11904,231952.099667
2163,2023-05-01,51,44106,714381.596000
2164,2022-08-01,-3,396,2985.556333
2165,2022-02-01,35,136357,1914147.353500
2166,2024-01-01,93,26346,636597.783000
2167,2022-09-01,69,11578,193100.289500
2168,2022-06-01,0,738987,4229693.047167
2169,2023-04-01,68,18854,333084.661667
2170,2023-11-01,31,393248,8653895.833000
2171,2023-11-01,23,631185,13560705.203167
2172,2023-11-01,84,10051,185685.730833
2173,2022-02-01,42,22812,424278.086333
2174,2022-11-01,48,17929,316084.577500
2175,2022-07-01,10,986951,17134248.881333
2176,2022-07-01,34,30042,474430.366333
2177,2023-08-01,8,613983,12671380.348000
2178,2023-04-01,58,15254,262569.670333
2179,2023-12-01,26,354697,7416353.865167
2180,2023-10-01,99,5474,84839.834667
2181,2023-10-01,71,7699,142838.638833
2182,2022-01-01,-2,1043,9557.227000
2183,2024-03-01,69,2727,7292.639833
2184,2022-01-01,2,1826172,34741785.891833
2185,2022-09-01,34,38819,686035.710500
2186,2022-01-01,73,8142,159064.234333
2187,2022-08-01,60,20954,355763.708667
2188,2023-07-01,22,601513,12864374.494000
2189,2023-07-01,3,755811,17019801.545667
2190,2023-07-01,72,35308,696877.500333
2191,2023-09-01,51,28350,514531.217667
2192,2023-12-01,4,572572,13741772.672500
2193,2022-08-01,23,267127,4986789.453167
2194,2023-01-01,12,954452,18553016.133333
2195,2023-03-01,63,11093,186122.248833
2196,2023-03-01,90,5897,89372.729333
2197,2022-01-01,74,7570,130301.406667
2198,2022-05-01,52,14465,233295.128333
2199,2022-11-01,21,525227,9312033.449333
2200,2022-02-01,-1,2159,17164.686500
2201,2022-07-01,62,11870,183835.621167
2202,2022-11-01,73,12833,200981.331333
2203,2023-05-01,93,6324,95068.391833
2204,2024-01-01,24,503228,11687081.306333
2205,2023-06-01,38,178558,4104012.764667
2206,2023-07-01,99,25660,345612.688333
2207,2024-01-01,22,282917,6505233.338333
2208,2024-01-01,78,33549,739312.884500
2209,2024-02-01,81,9898,194946.631833
2210,2023-11-01,83,9389,174875.544833
2211,2022-01-01,-14,169,796.086500
2212,2022-01-01,7,910219,16606064.303167
2213,2022-05-01,49,20274,350788.628333
2214,2022-12-01,23,538236,11408070.911833
2215,2022-09-01,64,12298,207027.873667
2216,2023-04-01,15,758993,13848625.799333
2217,2022-05-01,85,32077,405542.104000
2218,2022-11-01,62,11493,199084.549333
2219,2023-08-01,3,864849,20259459.027167
2220,2023-05-01,19,492810,8147341.216833
2221,2022-12-01,83,7473,132590.848000
2222,2023-07-01,58,11989,243462.784333
2223,2023-06-01,37,248398,7127359.620667
2224,2023-12-01,97,5054,90746.981833
2225,2024-03-01,37,63287,194064.581000
2226,2022-03-01,-7,241,3346.940333
2227,2023-10-01,104,16,8.669333
2228,2022-12-01,-5,30,68.557833
2229,2022-03-01,-3,588,4644.240667
2230,2022-04-01,-9,165,1271.721000
2231,2022-01-01,-16,34,101.129167
2232,2023-05-01,-4,2,5.436167
2233,2022-06-01,-11,22,76.186667
2234,2022-10-01,-8,3,24.363333
2235,2022-06-01,-12,1,1.189667
2236,2023-02-01,-8,3,17.413000
2237,2022-12-01,-13,1,0.111667
2238,2023-07-01,-4,1,0.617167
2239,2024-03-01,650,1,4.104833
2240,2023-02-01,-13,1,0.108667
2241,2023-02-01,-11,1,12.099333
2242,2022-11-01,31,199038,4149965.337000
2243,2022-05-01,3,1162516,20138225.856333
2244,2022-03-01,12,1195633,24946679.884500
2245,2023-05-01,12,409956,7441445.901000
2246,2023-05-01,30,578726,9357149.385333
2247,2022-09-01,24,264434,5038323.513667
2248,2023-04-01,79,10449,171278.878167
2249,2023-05-01,63,13480,218161.724167
2250,2022-10-01,23,656090,9965002.197667
2251,2024-02-01,75,7392,143676.060000
2252,2022-05-01,75,8764,136990.704667
2253,2023-05-01,3,942701,17016601.666667
2254,2023-07-01,38,243906,7177732.617000
2255,2022-09-01,22,627673,10017670.665667
2256,2022-12-01,16,726358,12751459.735167
2257,2022-10-01,25,258539,4544270.180000
2258,2022-05-01,36,57958,873450.220500
2259,2022-12-01,51,14543,297490.163667
2260,2022-04-01,34,40319,672998.112000
2261,2022-06-01,65,11272,159423.432167
2262,2023-06-01,96,7970,127662.145000
2263,2022-10-01,37,31112,495918.251833
2264,2022-12-01,2,1632611,30966708.622333
2265,2023-03-01,47,136097,2580070.973000
2266,2023-09-01,39,165493,3730380.908167
2267,2022-09-01,62,41951,735095.857500
2268,2022-12-01,41,34686,705582.288333
2269,2023-12-01,84,9754,191026.716167
2270,2023-07-01,70,10024,198227.132000
2271,2023-11-01,82,9235,167084.852000
2272,2023-10-01,87,9694,172674.334167
2273,2022-11-01,81,7910,133357.039000
2274,2023-06-01,88,7185,131143.512500
2275,2024-03-01,48,14526,39898.748167
2276,2022-11-01,30,282803,7513563.542333
2277,2022-09-01,10,770962,12231512.566333
2278,2022-02-01,8,811441,13396736.541500
2279,2022-05-01,50,18936,285352.087500
2280,2023-08-01,61,17523,351515.707167
2281,2024-02-01,15,447295,9764919.755667
2282,2023-06-01,81,10133,192029.040333
2283,2022-08-01,68,11658,192185.897500
2284,2023-07-01,68,8060,153091.329000
2285,2024-03-01,94,4669,11726.270000
2286,2023-03-01,17,537869,9348235.534333
2287,2022-11-01,37,34922,647478.081000
2288,2023-06-01,52,40039,761937.094333
2289,2022-06-01,36,37596,568658.862167
2290,2022-03-01,24,109302,2158508.556500
2291,2023-02-01,68,29081,438478.912333
2292,2023-12-01,33,528274,14125754.378000
2293,2023-10-01,41,227780,6555127.143667
2294,2023-02-01,45,51208,831736.246500
2295,2023-09-01,100,8590,145299.037333
2296,2024-03-01,66,3028,8117.872167
2297,2022-03-01,3,2120293,39309557.095167
2298,2023-07-01,39,177227,4290129.349333
2299,2022-04-01,17,749605,11720798.864833
2300,2022-04-01,40,30236,512885.585500
2301,2023-08-01,51,42506,764778.567833
2302,2022-07-01,-2,355,2594.053667
2303,2024-02-01,14,411237,8521431.485667
2304,2023-12-01,24,644057,14283283.919333
2305,2023-03-01,82,19522,294317.934667
2306,2023-02-01,56,15323,268915.069000
2307,2024-02-01,0,19614,587548.349500
2308,2022-04-01,82,10185,146732.467667
2309,2023-06-01,59,17947,337318.462333
2310,2023-01-01,74,11951,222833.898500
2311,2023-03-01,58,14945,249976.771167
2312,2023-05-01,82,12063,189475.873500
2313,2023-07-01,53,39695,769149.605500
2314,2024-03-01,88,2443,6243.985500
2315,2022-03-01,20,245288,5078884.372833
2316,2022-04-01,24,237189,4784607.069000
2317,2022-11-01,32,90491,1838388.237000
2318,2023-06-01,26,475826,9791443.232333
2319,2022-09-01,50,21356,364505.791000
2320,2022-04-01,55,12508,208109.117667
2321,2023-12-01,28,463258,9139013.802500
2322,2022-11-01,42,52463,846428.116833
2323,2022-07-01,87,29074,340898.366167
2324,2022-01-01,76,6733,128103.935167
2325,2022-08-01,26,232823,4931800.518500
2326,2023-02-01,14,937204,17144233.217333
2327,2022-04-01,13,1141208,23326156.398167
2328,2023-06-01,9,672784,12612014.583000
2329,2023-01-01,80,20107,344805.967667
2330,2024-01-01,99,4983,96260.002167
2331,2023-01-01,73,11173,208987.033833
2332,2024-01-01,92,16806,329051.334000
2333,2023-08-01,88,27400,577149.111667
2334,2023-08-01,73,34800,685166.057667
2335,2023-09-01,92,5379,90627.865333
2336,2023-07-01,90,5837,99714.352333
2337,2022-11-01,1,1950444,40632897.566167
2338,2022-05-01,16,664441,11667350.973333
2339,2023-05-01,6,921369,16737233.909167
2340,2023-02-01,13,853397,15174135.319500
2341,2022-02-01,15,725958,11981627.548333
2342,2022-03-01,78,6580,101744.370000
2343,2022-12-01,14,605032,11500849.318167
2344,2023-03-01,13,540668,9495475.296000
2345,2022-06-01,32,36888,598421.776167
2346,2023-09-01,9,552808,11196122.392667
2347,2022-03-01,48,19382,298600.729333
2348,2024-01-01,73,9284,213333.529500
2349,2023-01-01,38,36873,736942.320333
2350,2023-03-01,52,17668,302981.445167
2351,2024-02-01,102,4730,85708.094833
2352,2023-10-01,91,18078,247371.121333
2353,2023-09-01,74,33267,634658.934167
2354,2023-09-01,61,16117,304869.057333
2355,2022-01-01,47,16705,336567.867333
2356,2022-08-01,63,12636,210081.030333
2357,2022-09-01,89,32050,412504.437500
2358,2023-10-01,80,9079,157904.587500
2359,2023-08-01,62,14032,276048.528500
2360,2023-10-01,60,11809,225714.053500
2361,2023-08-01,82,11551,204675.359000
2362,2024-03-01,84,2014,5196.887833
2363,2023-05-01,40,44698,804111.188000
2364,2022-05-01,35,40788,655691.721333
2365,2022-09-01,66,11796,192164.309833
2366,2023-09-01,16,285665,6172702.437833
2367,2023-10-01,22,652341,13717756.210667
2368,2024-01-01,25,593331,14299486.109167
2369,2022-11-01,70,11122,172675.622833
2370,2022-12-01,63,11860,232499.592833
2371,2023-05-01,47,35100,573138.248000
2372,2024-02-01,83,9330,177888.327667
2373,2022-10-01,55,18231,268751.523333
2374,2023-07-01,57,12253,232407.810167
2375,2023-09-01,62,16253,303957.821000
2376,2023-08-01,66,11246,210736.286000
2377,2022-08-01,-5,156,967.360833
2378,2022-11-01,26,240262,4592249.470667
2379,2022-11-01,3,1615898,31827426.053500
2380,2022-09-01,29,211366,4245628.378167
2381,2023-01-01,0,1186819,7346972.222000
2382,2023-01-01,44,53042,954157.645000
2383,2023-03-01,1,1654506,37170257.023000
2384,2022-06-01,52,13962,209563.414333
2385,2022-01-01,11,885028,16965235.059333
2386,2024-01-01,4,598438,15282385.605833
2387,2022-06-01,67,11923,178712.192667
2388,2022-02-01,51,12428,236463.504833
2389,2023-09-01,76,9967,182105.989167
2390,2023-06-01,39,75371,1656769.132167
2391,2023-05-01,66,11150,180731.835167
2392,2022-04-01,81,8076,122464.807500
2393,2022-03-01,51,12544,210515.575667
2394,2023-10-01,97,4546,76117.183167
2395,2024-03-01,62,7068,19054.732167
2396,2023-04-01,25,690048,15627633.408833
2397,2023-02-01,21,480610,11173473.986333
2398,2023-01-01,28,239972,5106671.350167
2399,2023-06-01,50,118622,2408469.443333
2400,2023-11-01,91,26260,561015.349000
2401,2023-11-01,86,9475,181470.047167
2402,2023-08-01,95,4608,77695.901833
2403,2022-12-01,70,11122,211344.931500
2404,2023-11-01,94,5507,96376.430833
2405,2023-05-01,16,722764,12385639.116000
2406,2022-12-01,26,230779,5232790.632667
2407,2022-06-01,14,761697,12131153.004333
2408,2022-10-01,32,65101,1005188.271000
2409,2022-03-01,74,8259,123541.003333
2410,2022-01-01,10,1416324,32059586.739833
2411,2022-03-01,80,8320,123577.958000
2412,2023-12-01,81,9766,193708.163000
2413,2023-12-01,62,11908,248362.228333
2414,2024-02-01,74,8930,186629.817000
2415,2023-06-01,44,29918,596247.148500
2416,2022-06-01,49,15381,231259.377667
2417,2022-09-01,68,11540,182073.215667
2418,2023-11-01,0,2616,45312.102500
2419,2024-03-01,106,1706,4249.174000
2420,2023-05-01,-6,2,66.968333
2421,2022-07-01,-9,58,213.188333
2422,2022-02-01,-11,163,1098.879667
2423,2022-07-01,-14,3,28.375000
2424,2022-11-01,-12,1,38.662667
2425,2022-05-01,-16,1,0.519833
2426,2023-04-01,-7,4,40.085167
2427,2022-08-01,-10,2,39.178000
2428,2022-02-01,-20,1,0.506167
2429,2023-01-01,3,1367800,24588169.536333
2430,2022-12-01,6,584104,11716504.801333
2431,2023-07-01,5,641682,13878859.372333
2432,2022-11-01,19,625001,11467274.654667
2433,2023-04-01,34,195098,4184816.584167
2434,2022-06-01,37,54317,773744.912167
2435,2022-08-01,14,561248,9450721.140333
2436,2023-03-01,68,37979,665730.269500
2437,2023-03-01,77,12815,195581.311333
2438,2023-02-01,69,11254,191293.229333
2439,2024-02-01,41,164699,3486883.635000
2440,2024-02-01,30,421171,7675525.743667
2441,2023-06-01,61,13189,250790.800500
2442,2024-01-01,96,5582,109895.800500
2443,2022-02-01,52,12940,226658.367833
2444,2023-03-01,76,11794,185595.670000
2445,2022-02-01,-12,129,700.654500
2446,2022-04-01,16,1118855,23934369.487167
2447,2023-01-01,4,1066501,20781669.851500
2448,2023-08-01,5,586725,12938839.222000
2449,2023-08-01,39,238263,7023760.715333
2450,2023-02-01,49,34213,644332.755333
2451,2023-04-01,66,11038,187070.142167
2452,2023-01-01,55,16315,313901.823167
2453,2022-10-01,30,212743,4156634.501000
2454,2022-01-01,14,918131,16383176.001667
2455,2023-08-01,45,30041,607162.380500
2456,2024-02-01,12,392234,8188302.233833
2457,2023-04-01,54,13349,230231.854833
2458,2024-03-01,64,3340,8658.193833
2459,2022-09-01,1,2484732,59086258.926500
2460,2023-05-01,69,19393,312048.579167
2461,2022-06-01,74,29182,504708.755833
2462,2023-06-01,31,523490,9464386.977000
2463,2022-12-01,78,15163,287822.143000
2464,2022-08-01,32,43154,764853.623167
2465,2024-02-01,46,150739,3473233.039833
2466,2022-05-01,51,15087,243811.324667
2467,2022-10-01,-6,99,284.691167
2468,2023-01-01,-3,162,454.704833
2469,2023-09-01,14,474710,8852992.359167
2470,2022-05-01,40,39142,677211.351833
2471,2022-10-01,20,583565,9487937.307833
2472,2022-03-01,56,42302,737183.289667
2473,2023-07-01,74,10720,209177.129333
2474,2022-12-01,76,10921,204215.751667
2475,2023-10-01,73,9604,182754.968333
2476,2023-05-01,74,11585,175643.213833
2477,2022-04-01,22,253409,5313752.972667
2478,2023-01-01,42,34181,684269.143167
2479,2023-08-01,52,113888,2367122.702333
2480,2022-02-01,7,869994,15931790.187667
2481,2023-01-01,-1,24271,109447.260333
2482,2023-09-01,101,24214,329478.600500
2483,2023-03-01,59,18100,319397.564667
2484,2023-02-01,47,116967,1657029.884000
2485,2022-04-01,51,14425,238510.793500
2486,2022-05-01,65,11922,192328.160333
2487,2023-02-01,71,10903,177074.854000
2488,2023-11-01,21,320203,6608639.070333
2489,2023-12-01,23,516345,10901860.204833
2490,2023-11-01,60,14715,283702.200333
2491,2023-06-01,79,10852,198205.030000
2492,2023-12-01,101,5580,96663.909667
2493,2022-05-01,-7,244,1197.303167
2494,2023-01-01,32,283818,8338250.412500
2495,2022-04-01,2,1445198,27049550.378333
2496,2023-02-01,15,575554,9419772.916833
2497,2023-03-01,2,1556484,30258768.017500
2498,2022-02-01,24,70319,1180769.454500
2499,2022-07-01,30,49941,862167.509500
2500,2023-08-01,57,15542,295993.431667
2501,2023-12-01,57,104560,1951543.505500
2502,2022-09-01,75,15477,259708.940167
2503,2023-05-01,53,26844,437834.094333
2504,2023-08-01,68,9598,199202.704500
2505,2023-08-01,89,18402,271708.754000
2506,2024-02-01,82,9620,184319.108833
2507,2023-09-01,81,9333,167502.737000
2508,2022-11-01,4,1015076,17270213.640667
2509,2023-01-01,8,537907,11026018.471667
2510,2022-09-01,6,706380,12040703.045333
2511,2022-09-01,3,799816,15368034.239500
2512,2022-12-01,32,205184,4866548.077667
2513,2022-02-01,9,830782,17863163.795833
2514,2023-07-01,32,527002,9803221.296500
2515,2022-07-01,74,19436,277074.164500
2516,2024-01-01,56,40049,821812.579000
2517,2023-02-01,77,10487,173328.443500
2518,2022-08-01,30,67091,1091857.182167
2519,2022-06-01,85,10637,148983.642667
2520,2023-11-01,48,28070,549257.663000
2521,2023-11-01,46,36254,767718.000000
2522,2023-12-01,69,14506,276404.571833
2523,2023-01-01,76,11068,205013.059667
2524,2024-03-01,93,3285,8483.038667
2525,2024-03-01,65,2100,5899.516000
2526,2022-06-01,-6,201,1313.799333
2527,2023-02-01,23,746960,16393954.048000
2528,2022-06-01,3,948948,15792916.169333
2529,2023-05-01,11,412070,7372594.170667
2530,2023-07-01,52,108377,1894944.155333
2531,2023-06-01,18,754911,15229749.179667
2532,2022-03-01,21,262834,5535128.913500
2533,2022-12-01,79,19975,346935.742167
2534,2024-02-01,20,238743,5115197.664167
2535,2022-02-01,55,42173,788407.563333
2536,2022-05-01,46,22190,362190.975667
2537,2023-09-01,65,14834,282235.121167
2538,2022-02-01,58,12717,215558.358500
2539,2022-04-01,-1,1847,21612.734500
2540,2024-03-01,54,5015,13557.230333
2541,2022-11-01,-3,140,641.353333
2542,2023-04-01,14,475034,8634791.190167
2543,2022-02-01,14,1203708,26995814.909667
2544,2024-02-01,42,180511,4236012.125833
2545,2023-12-01,83,9461,185940.386333
2546,2022-12-01,53,20822,413605.922667
2547,2022-03-01,37,51732,854208.809000
2548,2023-01-01,92,10787,189142.940500
2549,2023-12-01,54,28955,588903.870167
2550,2024-01-01,75,8175,184086.081667
2551,2022-07-01,57,11606,182949.460333
2552,2022-09-01,-5,203,926.212000
2553,2023-01-01,29,260838,6162284.659500
2554,2023-06-01,20,435696,8269961.693000
2555,2023-02-01,37,45415,868543.840833
2556,2023-05-01,64,12337,204963.542667
2557,2023-01-01,36,48278,1019676.858500
2558,2022-01-01,3,1301618,25982763.213833
2559,2022-01-01,69,33246,765729.879667
2560,2023-02-01,74,10620,178936.234500
2561,2022-02-01,60,11935,205970.561500
2562,2024-01-01,3,1184020,23516566.293500
2563,2024-01-01,60,28490,660341.365000
2564,2023-12-01,60,23215,486603.664000
2565,2022-11-01,-1,11752,70656.404667
2566,2022-09-01,43,47832,798801.727667
2567,2022-06-01,6,1413171,22818187.867833
2568,2022-08-01,9,831855,13167012.264000
2569,2023-02-01,33,267774,7199806.726500
2570,2022-04-01,33,37936,653241.238333
2571,2023-02-01,94,29882,398262.460667
2572,2023-07-01,62,12884,254053.633000
2573,2022-01-01,20,371469,11280005.753833
2574,2023-05-01,86,20389,259139.869333
2575,2023-03-01,79,10614,166894.532667
2576,2022-03-01,67,11977,192613.823000
2577,2023-11-01,36,456128,8704659.686667
2578,2023-11-01,39,190262,4511262.122167
2579,2024-02-01,8,441482,9852788.640500
2580,2024-02-01,62,21980,439438.163500
2581,2022-02-01,57,13006,227291.665500
2582,2023-10-01,86,8539,151840.724333
2583,2024-01-01,100,4532,85029.040500
2584,2022-06-01,-9,123,754.484000
2585,2022-09-01,14,574428,10383911.270000
2586,2023-08-01,76,10373,191536.195000
2587,2023-08-01,10,618558,11752258.039500
2588,2023-02-01,32,202129,4318337.198667
2589,2022-07-01,14,605187,12795454.522333
2590,2022-02-01,31,40052,717956.338333
2591,2022-08-01,50,17422,291598.553667
2592,2022-01-01,32,65642,1211011.810500
2593,2022-07-01,79,6891,103142.662833
2594,2022-10-01,61,12392,194409.404833
2595,2023-12-01,36,644001,16325893.393167
2596,2024-02-01,32,270410,5496375.977833
2597,2023-11-01,30,343161,9809866.780000
2598,2023-12-01,59,28769,630325.344833
2599,2024-03-01,97,1395,3404.168500
2600,2022-03-01,-9,172,1085.860000
2601,2022-09-01,-16,1,0.042500
2602,2022-12-01,-6,3,10.328833
2603,2022-09-01,-17,1,1.460333
2604,2022-03-01,-15,3,19.257667
2605,2024-01-01,27,341164,7682615.485000
2606,2023-10-01,66,15064,292558.210167
2607,2023-05-01,24,445139,9986775.745000
2608,2022-09-01,17,712679,12766321.687167
2609,2022-05-01,7,839648,13605691.659667
2610,2023-03-01,22,483655,11322637.074500
2611,2022-12-01,91,10827,193776.260000
2612,2022-01-01,71,9370,186579.403833
2613,2022-06-01,38,141632,2372993.490500
2614,2022-11-01,60,11065,201738.608167
2615,2023-12-01,31,345895,10023885.971333
2616,2024-02-01,23,264881,5436633.369333
2617,2024-02-01,25,456436,9478254.184833
2618,2022-03-01,0,978159,5591217.046833
2619,2022-01-01,4,1541074,32451245.507833
2620,2022-05-01,10,706976,12141549.628833
2621,2022-01-01,33,168358,3700970.211333
2622,2022-02-01,59,12676,213975.461167
2623,2023-03-01,7,1188305,22053471.238833
2624,2023-01-01,41,32006,651906.055833
2625,2023-01-01,63,11769,224609.289667
2626,2022-05-01,29,45140,770436.237167
2627,2022-07-01,23,282941,5525837.570667
2628,2022-04-01,46,17666,295266.449333
2629,2024-01-01,80,10133,218846.217833
2630,2023-12-01,2,1406642,27447329.593833
2631,2023-12-01,21,296385,6270817.777333
2632,2022-05-01,26,104333,1994476.327333
2633,2022-12-01,33,92904,2156794.520167
2634,2022-06-01,21,269086,4539822.092667
2635,2023-02-01,79,11559,199199.138833
2636,2023-04-01,31,214593,4162646.544667
2637,2022-05-01,64,12227,185074.695500
2638,2022-11-01,51,19730,361285.486167
2639,2023-04-01,64,10665,186275.745500
2640,2022-07-01,84,7414,102343.530167
2641,2023-08-01,4,656252,14324344.421167
2642,2022-08-01,84,6783,101675.797833
2643,2023-09-01,99,7311,111460.075500
2644,2024-03-01,11,84320,258183.209333
2645,2024-01-01,11,425691,9863357.758667
2646,2023-12-01,53,26776,560380.904833
2647,2022-08-01,4,839646,15871060.723000
2648,2022-06-01,2,1168427,22082965.728833
2649,2022-10-01,51,21283,346010.976833
2650,2022-08-01,57,11867,209940.582000
2651,2022-12-01,93,25341,445803.024333
2652,2022-12-01,75,11185,212239.678167
2653,2023-01-01,77,10624,195985.931667
2654,2023-08-01,47,23993,454025.102833
2655,2023-12-01,89,9803,190220.213000
2656,2023-09-01,82,9906,177132.637167
2657,2023-12-01,17,465907,9058894.280167
2658,2024-02-01,80,26045,481650.330167
2659,2022-03-01,23,245623,4996777.007833
2660,2022-02-01,1,3181986,66689919.182333
2661,2023-01-01,20,524376,13403224.225833
2662,2022-09-01,13,816366,12366961.904667
2663,2022-04-01,78,6755,103333.307000
2664,2023-03-01,8,780117,12957964.383000
2665,2023-01-01,47,45942,873466.306333
2666,2022-09-01,46,19084,331061.892167
2667,2023-04-01,6,857134,14629585.209667
2668,2023-12-01,39,177197,3887355.703833
2669,2024-01-01,91,12177,257361.382333
2670,2023-04-01,95,10286,158422.714167
2671,2022-08-01,85,7802,116868.944333
2672,2022-07-01,-1,9427,38169.916167
2673,2024-03-01,33,70188,218750.787667
2674,2024-01-01,89,8481,177744.475500
2675,2024-03-01,78,2388,6586.629500
2676,2023-11-01,19,297451,6470633.948000
2677,2022-09-01,72,11334,183236.666000
2678,2022-03-01,50,15074,244600.361500
2679,2023-03-01,70,11658,192705.515500
2680,2024-01-01,85,9550,199338.449500
2681,2024-03-01,35,109266,346993.189667
2682,2024-03-01,32,57893,172485.675000
2683,2024-01-01,57,107681,2552419.943000
2684,2023-05-01,39,58696,930583.988667
2685,2023-09-01,19,336749,6794799.376167
2686,2023-02-01,27,502468,8502837.817333
2687,2022-02-01,41,16108,300342.792833
2688,2022-12-01,24,913039,22142046.776833
2689,2022-04-01,72,30928,599065.230500
2690,2022-04-01,35,58252,910122.669000
2691,2022-09-01,78,19331,228857.048500
2692,2022-03-01,66,12292,197529.309500
2693,2024-03-01,91,2202,5573.720833
2694,2022-07-01,-5,193,851.377167
2695,2022-08-01,-6,145,863.916667
2696,2022-10-01,58,11903,189631.428833
2697,2022-05-01,54,12348,215684.328333
2698,2022-06-01,61,11959,179666.744167
2699,2022-12-01,86,6402,109368.859667
2700,2023-11-01,97,4944,85532.084833
2701,2023-09-01,98,5317,85198.286667
2702,2022-07-01,43,28076,449854.484333
2703,2023-09-01,45,30785,591352.265667
2704,2023-07-01,37,177660,4165830.318333
2705,2023-06-01,48,31589,589470.069500
2706,2022-12-01,-3,222,684.284000
2707,2022-04-01,21,232332,4855714.897833
2708,2022-03-01,40,20693,349530.422833
2709,2022-02-01,40,16206,278035.822500
2710,2023-10-01,57,28435,559658.294500
2711,2023-12-01,90,12460,245902.545167
2712,2024-01-01,106,21851,428794.904333
2713,2024-01-01,64,11195,255327.072000
2714,2023-02-01,-4,3,17.562667
2715,2024-01-01,21,288262,6931261.653833
2716,2023-10-01,17,282095,6151606.924833
2717,2022-10-01,10,1179448,19908491.592333
2718,2022-09-01,21,971652,21437057.032833
2719,2023-02-01,54,19082,350721.916667
2720,2022-08-01,5,777712,13443567.598000
2721,2022-05-01,59,31864,479525.108000
2722,2022-06-01,34,33401,535221.749833
2723,2023-11-01,88,9409,175183.182667
2724,2023-05-01,90,6290,89278.265333
2725,2023-05-01,25,537563,9446466.236333
2726,2022-04-01,20,318315,6520894.520500
2727,2022-04-01,6,900510,15149194.834000
2728,2023-02-01,12,550322,9713235.668500
2729,2023-03-01,38,46702,873077.122167
2730,2023-09-01,91,6558,116648.476000
2731,2023-07-01,77,9513,171507.264667
2732,2023-10-01,24,374245,7432431.557833
2733,2023-11-01,6,601279,13782718.815833
2734,2023-09-01,29,418317,8866954.130000
2735,2023-09-01,28,356217,9558572.295833
2736,2022-09-01,77,30695,594415.980167
2737,2023-03-01,21,470802,7988474.701833
2738,2022-01-01,53,23792,489469.948000
2739,2022-03-01,62,12647,193536.498333
2740,2022-07-01,4,823255,14216879.108667
2741,2022-04-01,39,39081,705115.629167
2742,2022-08-01,39,55180,855545.613833
2743,2023-12-01,73,7814,157071.299333
2744,2023-07-01,83,8958,167225.631167
2745,2022-04-01,-11,122,829.811500
2746,2024-03-01,99,1256,3026.441500
2747,2023-11-01,26,515134,11212001.040333
2748,2023-11-01,7,491037,10344881.867667
2749,2024-01-01,39,161582,4059506.650167
2750,2024-02-01,89,9405,179279.903833
2751,2022-03-01,38,40599,727611.608667
2752,2024-02-01,78,15954,327107.449500
2753,2023-10-01,56,37387,705845.641667
2754,2022-04-01,80,7025,106376.310000
2755,2022-06-01,73,19679,274557.544667
2756,2022-09-01,85,6829,104096.179167
2757,2023-07-01,29,418136,8663762.692500
2758,2023-11-01,70,10314,204619.173500
2759,2023-10-01,40,164999,3769329.142667
2760,2022-04-01,9,752463,13398838.845000
2761,2023-01-01,72,11329,197384.542167
2762,2022-01-01,49,13845,267617.432833
2763,2022-12-01,43,53722,964268.434667
2764,2022-04-01,54,12643,209638.540000
2765,2023-12-01,85,10396,202476.977167
2766,2022-07-01,67,11081,171010.053667
2767,2022-05-01,56,12634,203240.363833
2768,2022-07-01,71,10551,157726.173000
2769,2022-07-01,85,9440,122461.910833
2770,2023-04-01,81,11576,192527.555500
2771,2024-03-01,43,36259,108564.536667
2772,2022-01-01,-9,360,2998.336500
2773,2023-06-01,46,27280,536307.340000
2774,2023-06-01,1,1544119,40924567.779667
2775,2022-02-01,34,158342,3145300.631333
2776,2022-05-01,19,274512,5150112.363333
2777,2022-01-01,29,40161,841895.964000
2778,2022-01-01,38,21597,431048.884500
2779,2022-08-01,33,39148,687995.871167
2780,2023-12-01,75,9660,202071.587333
2781,2024-02-01,79,32587,654391.018000
2782,2023-04-01,56,18653,339311.948500
2783,2022-06-01,43,18467,285691.166167
2784,2023-08-01,27,379792,10376103.579667
2785,2024-03-01,80,9811,26562.244000
2786,2022-04-01,-2,787,7786.646000
2787,2023-05-01,9,1004675,17861766.853667
2788,2023-01-01,5,1371692,28138381.461167
2789,2022-01-01,13,1293707,31530979.911500
2790,2023-02-01,7,786565,12604718.626833
2791,2023-02-01,22,565897,10736980.257833
2792,2023-03-01,4,1236486,24367257.251333
2793,2022-01-01,36,42231,911440.278333
2794,2022-04-01,42,15769,266851.650333
2795,2022-04-01,44,21828,386798.956333
2796,2022-02-01,66,11595,201324.212167
2797,2022-11-01,23,890575,19643277.687333
2798,2023-04-01,33,175987,3793107.589833
2799,2023-05-01,31,206343,3962989.415000
2800,2022-08-01,64,12111,194735.086333
2801,2023-04-01,53,16836,292678.622667
2802,2022-11-01,52,20256,353803.913833
2803,2024-03-01,51,6351,17280.012333
2804,2023-10-01,103,22147,378000.056667
2805,2023-10-01,12,569234,10810262.314833
2806,2023-11-01,5,561694,12636432.286333
2807,2022-03-01,30,34444,576808.034833
2808,2022-02-01,32,42370,734675.930500
2809,2022-03-01,81,10583,148950.328333
2810,2023-05-01,56,13819,233936.224500
2811,2023-05-01,52,33514,592902.732667
2812,2023-11-01,104,21646,374386.268000
2813,2022-05-01,84,11327,172469.403333
2814,2022-02-01,78,7133,115090.450000
2815,2022-07-01,36,34246,567660.557500
2816,2023-07-01,66,10908,220531.145333
2817,2024-01-01,97,5378,114444.479833
2818,2022-08-01,-1,413,2144.385333
2819,2023-10-01,21,531650,10857818.094500
2820,2023-10-01,48,27657,552098.233333
2821,2023-09-01,22,425112,7791041.765833
2822,2022-01-01,5,1375502,24173980.154167
2823,2022-09-01,28,304429,7951436.403333
2824,2023-03-01,34,271388,7205721.649000
2825,2022-01-01,81,34137,547859.170000
2826,2022-12-01,81,19064,280244.557833
2827,2023-11-01,72,7537,142905.823333
2828,2023-07-01,19,740055,15521088.538167
2829,2023-07-01,73,28348,531503.614000
2830,2023-07-01,59,17141,337233.925500
2831,2022-12-01,-11,1,24.619833
2832,2022-01-01,-7,508,1905.274500
2833,2023-01-01,-4,26,203.789000
2834,2022-04-01,-10,146,829.550833
2835,2022-01-01,-11,352,1719.049167
2836,2022-05-01,-15,2,10.383500
2837,2022-08-01,-12,2,7.126167
2838,2023-03-01,-11,2,1.652833
2839,2022-12-01,-16,1,1.010167
2840,2023-05-01,-8,1,0.340500
2841,2022-07-01,-11,2,9.740500
2842,2023-02-01,-9,2,58.320167
